8
4
1000
0 96 2
0 0 1 0
1 61 3
0 0 0 1 0 2
2 42 2
0 0 0 1
3 67 2
0 0 0 1
4 37 3
0 0 1 0 2 0
5 90 2
0 0 1 0
6 85 3
0 0 1 0 2 0
7 70 2
0 0 0 1
8 29 3
0 0 1 0 2 0
9 39 1
0 0
10 7 2
0 0 0 1
11 82 2
0 0 1 0
12 37 1
0 0
13 43 3
0 0 1 0 2 0
14 14 1
0 0
15 39 2
0 0 0 1
16 52 3
0 0 0 1 0 2
17 18 1
0 0
18 52 3
0 0 0 1 0 2
19 45 2
0 0 0 1
20 96 3
0 0 0 1 0 2
21 7 3
0 0 0 1 0 2
22 74 3
0 0 1 0 2 0
23 10 2
0 0 0 1
24 74 3
0 0 1 0 2 0
25 95 3
0 0 0 1 0 2
26 76 1
0 0
27 87 1
0 0
28 6 1
0 0
29 96 2
0 0 1 0
30 30 1
0 0
31 94 2
0 0 0 1
32 41 3
0 0 0 1 0 2
33 44 2
0 0 1 0
34 1 1
0 0
35 66 2
0 0 0 1
36 52 2
0 0 0 1
37 100 2
0 0 0 1
38 24 3
0 0 0 1 0 2
39 68 3
0 0 1 0 2 0
40 96 3
0 0 1 0 2 0
41 92 2
0 0 0 1
42 18 2
0 0 1 0
43 96 1
0 0
44 57 1
0 0
45 39 1
0 0
46 96 3
0 0 0 1 0 2
47 82 2
0 0 0 1
48 16 1
0 0
49 76 2
0 0 1 0
50 78 3
0 0 0 1 0 2
51 49 2
0 0 1 0
52 97 2
0 0 1 0
53 99 2
0 0 0 1
54 45 3
0 0 0 1 0 2
55 10 2
0 0 1 0
56 2 1
0 0
57 69 1
0 0
58 63 1
0 0
59 94 2
0 0 1 0
60 55 2
0 0 0 1
61 91 1
0 0
62 65 3
0 0 1 0 2 0
63 68 2
0 0 1 0
64 80 1
0 0
65 19 2
0 0 0 1
66 59 1
0 0
67 89 3
0 0 0 1 0 2
68 58 2
0 0 1 0
69 30 2
0 0 0 1
70 55 1
0 0
71 4 1
0 0
72 3 2
0 0 1 0
73 30 1
0 0
74 12 2
0 0 1 0
75 5 3
0 0 1 0 2 0
76 98 1
0 0
77 49 2
0 0 1 0
78 60 1
0 0
79 40 1
0 0
80 63 2
0 0 1 0
81 40 1
0 0
82 44 2
0 0 0 1
83 89 1
0 0
84 65 3
0 0 1 0 2 0
85 47 2
0 0 1 0
86 36 3
0 0 0 1 0 2
87 41 2
0 0 1 0
88 59 3
0 0 1 0 2 0
89 61 3
0 0 1 0 2 0
90 75 2
0 0 0 1
91 30 3
0 0 1 0 2 0
92 15 3
0 0 0 1 0 2
93 90 3
0 0 0 1 0 2
94 52 2
0 0 0 1
95 38 2
0 0 1 0
96 29 1
0 0
97 75 2
0 0 1 0
98 38 3
0 0 0 1 0 2
99 67 3
0 0 1 0 2 0
100 39 2
0 0 1 0
101 33 2
0 0 0 1
102 43 2
0 0 0 1
103 91 3
0 0 1 0 2 0
104 67 2
0 0 1 0
105 27 3
0 0 0 1 0 2
106 50 1
0 0
107 32 2
0 0 0 1
108 77 1
0 0
109 55 3
0 0 1 0 2 0
110 26 3
0 0 0 1 0 2
111 5 1
0 0
112 21 1
0 0
113 9 2
0 0 1 0
114 86 3
0 0 0 1 0 2
115 25 1
0 0
116 39 3
0 0 0 1 0 2
117 81 1
0 0
118 100 1
0 0
119 40 2
0 0 1 0
120 52 3
0 0 0 1 0 2
121 19 2
0 0 1 0
122 86 2
0 0 1 0
123 88 2
0 0 1 0
124 85 1
0 0
125 74 3
0 0 0 1 0 2
126 43 2
0 0 1 0
127 7 3
0 0 1 0 2 0
128 47 3
0 0 0 1 0 2
129 54 3
0 0 0 1 0 2
130 29 1
0 0
131 97 2
0 0 0 1
132 52 2
0 0 1 0
133 86 3
0 0 0 1 0 2
134 28 3
0 0 0 1 0 2
135 91 1
0 0
136 69 3
0 0 1 0 2 0
137 14 3
0 0 1 0 2 0
138 86 2
0 0 0 1
139 11 1
0 0
140 80 3
0 0 1 0 2 0
141 8 2
0 0 0 1
142 61 3
0 0 1 0 2 0
143 9 3
0 0 0 1 0 2
144 63 2
0 0 1 0
145 92 3
0 0 0 1 0 2
146 35 2
0 0 1 0
147 84 2
0 0 1 0
148 51 2
0 0 0 1
149 37 3
0 0 0 1 0 2
150 83 1
0 0
151 69 3
0 0 0 1 0 2
152 76 2
0 0 1 0
153 64 3
0 0 0 1 0 2
154 20 3
0 0 1 0 2 0
155 37 2
0 0 0 1
156 8 2
0 0 1 0
157 10 1
0 0
158 62 2
0 0 0 1
159 37 1
0 0
160 37 3
0 0 1 0 2 0
161 41 3
0 0 0 1 0 2
162 61 3
0 0 0 1 0 2
163 16 3
0 0 1 0 2 0
164 68 1
0 0
165 67 1
0 0
166 84 3
0 0 1 0 2 0
167 80 2
0 0 0 1
168 43 1
0 0
169 66 3
0 0 1 0 2 0
170 59 1
0 0
171 38 3
0 0 0 1 0 2
172 62 3
0 0 0 1 0 2
173 62 3
0 0 0 1 0 2
174 20 3
0 0 1 0 2 0
175 90 3
0 0 0 1 0 2
176 86 3
0 0 1 0 2 0
177 73 1
0 0
178 2 1
0 0
179 74 2
0 0 1 0
180 57 1
0 0
181 65 2
0 0 0 1
182 87 1
0 0
183 34 3
0 0 0 1 0 2
184 79 3
0 0 0 1 0 2
185 59 2
0 0 1 0
186 63 1
0 0
187 6 3
0 0 0 1 0 2
188 25 3
0 0 1 0 2 0
189 60 3
0 0 1 0 2 0
190 60 3
0 0 0 1 0 2
191 58 2
0 0 1 0
192 19 2
0 0 0 1
193 88 1
0 0
194 85 3
0 0 1 0 2 0
195 23 2
0 0 1 0
196 91 3
0 0 1 0 2 0
197 7 2
0 0 1 0
198 38 3
0 0 0 1 0 2
199 69 3
0 0 0 1 0 2
200 56 1
0 0
201 73 3
0 0 1 0 2 0
202 49 1
0 0
203 93 3
0 0 0 1 0 2
204 67 2
0 0 0 1
205 38 3
0 0 0 1 0 2
206 67 2
0 0 1 0
207 16 2
0 0 1 0
208 33 3
0 0 0 1 0 2
209 24 2
0 0 1 0
210 68 2
0 0 1 0
211 92 3
0 0 0 1 0 2
212 77 3
0 0 0 1 0 2
213 10 1
0 0
214 86 1
0 0
215 71 3
0 0 0 1 0 2
216 26 3
0 0 0 1 0 2
217 78 3
0 0 0 1 0 2
218 71 2
0 0 1 0
219 85 2
0 0 1 0
220 76 3
0 0 1 0 2 0
221 71 2
0 0 1 0
222 79 2
0 0 0 1
223 38 1
0 0
224 59 3
0 0 0 1 0 2
225 92 2
0 0 0 1
226 35 3
0 0 1 0 2 0
227 40 2
0 0 0 1
228 58 3
0 0 0 1 0 2
229 1 2
0 0 1 0
230 87 2
0 0 0 1
231 79 1
0 0
232 63 3
0 0 0 1 0 2
233 56 1
0 0
234 57 3
0 0 0 1 0 2
235 60 3
0 0 0 1 0 2
236 65 2
0 0 0 1
237 45 2
0 0 0 1
238 63 3
0 0 0 1 0 2
239 62 3
0 0 1 0 2 0
240 85 1
0 0
241 73 3
0 0 1 0 2 0
242 74 3
0 0 1 0 2 0
243 45 2
0 0 0 1
244 23 3
0 0 0 1 0 2
245 44 3
0 0 0 1 0 2
246 82 3
0 0 1 0 2 0
247 17 2
0 0 0 1
248 97 1
0 0
249 12 2
0 0 1 0
250 6 1
0 0
251 70 2
0 0 1 0
252 74 3
0 0 1 0 2 0
253 12 2
0 0 1 0
254 38 1
0 0
255 35 3
0 0 0 1 0 2
256 75 3
0 0 1 0 2 0
257 90 1
0 0
258 99 3
0 0 1 0 2 0
259 12 1
0 0
260 78 2
0 0 0 1
261 44 1
0 0
262 57 1
0 0
263 55 2
0 0 0 1
264 97 3
0 0 0 1 0 2
265 34 3
0 0 0 1 0 2
266 76 3
0 0 1 0 2 0
267 100 1
0 0
268 3 3
0 0 0 1 0 2
269 28 3
0 0 1 0 2 0
270 89 1
0 0
271 58 2
0 0 0 1
272 66 1
0 0
273 67 2
0 0 1 0
274 9 2
0 0 1 0
275 15 3
0 0 0 1 0 2
276 56 2
0 0 1 0
277 66 3
0 0 0 1 0 2
278 25 2
0 0 0 1
279 87 2
0 0 1 0
280 99 2
0 0 1 0
281 32 3
0 0 1 0 2 0
282 28 3
0 0 0 1 0 2
283 42 3
0 0 0 1 0 2
284 57 2
0 0 1 0
285 90 3
0 0 0 1 0 2
286 96 1
0 0
287 27 3
0 0 1 0 2 0
288 8 3
0 0 1 0 2 0
289 12 2
0 0 0 1
290 79 2
0 0 1 0
291 70 2
0 0 0 1
292 78 3
0 0 1 0 2 0
293 34 2
0 0 0 1
294 1 1
0 0
295 5 3
0 0 1 0 2 0
296 48 2
0 0 0 1
297 43 3
0 0 1 0 2 0
298 38 3
0 0 0 1 0 2
299 46 3
0 0 0 1 0 2
300 82 1
0 0
301 10 1
0 0
302 41 2
0 0 0 1
303 63 2
0 0 1 0
304 8 3
0 0 0 1 0 2
305 7 3
0 0 1 0 2 0
306 70 1
0 0
307 73 2
0 0 0 1
308 42 3
0 0 0 1 0 2
309 2 3
0 0 0 1 0 2
310 18 3
0 0 0 1 0 2
311 72 1
0 0
312 28 2
0 0 0 1
313 85 3
0 0 1 0 2 0
314 82 3
0 0 1 0 2 0
315 85 1
0 0
316 12 3
0 0 1 0 2 0
317 72 2
0 0 0 1
318 63 2
0 0 0 1
319 38 3
0 0 0 1 0 2
320 5 3
0 0 0 1 0 2
321 15 2
0 0 0 1
322 72 1
0 0
323 42 2
0 0 1 0
324 78 1
0 0
325 61 3
0 0 1 0 2 0
326 41 1
0 0
327 100 2
0 0 1 0
328 95 2
0 0 0 1
329 53 3
0 0 1 0 2 0
330 3 3
0 0 0 1 0 2
331 51 3
0 0 0 1 0 2
332 75 2
0 0 0 1
333 23 3
0 0 0 1 0 2
334 72 2
0 0 1 0
335 63 2
0 0 1 0
336 29 3
0 0 1 0 2 0
337 54 1
0 0
338 41 3
0 0 0 1 0 2
339 64 1
0 0
340 49 1
0 0
341 32 2
0 0 0 1
342 63 3
0 0 0 1 0 2
343 6 1
0 0
344 95 2
0 0 0 1
345 77 3
0 0 0 1 0 2
346 26 2
0 0 1 0
347 25 2
0 0 1 0
348 82 1
0 0
349 55 3
0 0 1 0 2 0
350 69 3
0 0 0 1 0 2
351 34 3
0 0 0 1 0 2
352 8 2
0 0 1 0
353 11 3
0 0 1 0 2 0
354 17 2
0 0 0 1
355 26 3
0 0 0 1 0 2
356 22 2
0 0 0 1
357 98 1
0 0
358 90 2
0 0 1 0
359 92 3
0 0 1 0 2 0
360 12 2
0 0 0 1
361 42 1
0 0
362 60 1
0 0
363 55 1
0 0
364 14 3
0 0 1 0 2 0
365 56 1
0 0
366 98 3
0 0 0 1 0 2
367 75 3
0 0 0 1 0 2
368 3 1
0 0
369 62 2
0 0 0 1
370 80 2
0 0 0 1
371 29 1
0 0
372 20 2
0 0 1 0
373 28 1
0 0
374 12 1
0 0
375 54 1
0 0
376 24 3
0 0 0 1 0 2
377 4 2
0 0 1 0
378 39 3
0 0 1 0 2 0
379 82 2
0 0 1 0
380 100 3
0 0 0 1 0 2
381 61 1
0 0
382 38 2
0 0 1 0
383 15 3
0 0 0 1 0 2
384 66 2
0 0 0 1
385 98 1
0 0
386 88 2
0 0 0 1
387 73 3
0 0 1 0 2 0
388 5 3
0 0 1 0 2 0
389 32 2
0 0 1 0
390 81 3
0 0 0 1 0 2
391 98 1
0 0
392 87 3
0 0 1 0 2 0
393 79 2
0 0 1 0
394 73 2
0 0 1 0
395 75 2
0 0 1 0
396 97 1
0 0
397 67 1
0 0
398 31 3
0 0 0 1 0 2
399 36 2
0 0 1 0
400 70 3
0 0 0 1 0 2
401 64 2
0 0 0 1
402 90 1
0 0
403 64 2
0 0 0 1
404 50 3
0 0 1 0 2 0
405 55 2
0 0 0 1
406 25 2
0 0 0 1
407 53 3
0 0 0 1 0 2
408 55 2
0 0 0 1
409 81 3
0 0 1 0 2 0
410 17 1
0 0
411 62 1
0 0
412 91 3
0 0 0 1 0 2
413 6 2
0 0 1 0
414 43 2
0 0 0 1
415 47 2
0 0 0 1
416 59 2
0 0 0 1
417 84 2
0 0 0 1
418 55 2
0 0 0 1
419 1 2
0 0 1 0
420 69 2
0 0 1 0
421 26 3
0 0 1 0 2 0
422 15 3
0 0 0 1 0 2
423 83 2
0 0 1 0
424 29 3
0 0 0 1 0 2
425 56 2
0 0 0 1
426 43 2
0 0 0 1
427 27 3
0 0 0 1 0 2
428 72 3
0 0 1 0 2 0
429 25 2
0 0 1 0
430 14 2
0 0 0 1
431 36 2
0 0 0 1
432 82 3
0 0 1 0 2 0
433 21 3
0 0 1 0 2 0
434 30 3
0 0 1 0 2 0
435 76 3
0 0 1 0 2 0
436 56 1
0 0
437 78 2
0 0 1 0
438 21 2
0 0 0 1
439 60 1
0 0
440 28 2
0 0 0 1
441 44 3
0 0 1 0 2 0
442 22 3
0 0 1 0 2 0
443 98 2
0 0 0 1
444 87 3
0 0 1 0 2 0
445 42 1
0 0
446 31 1
0 0
447 12 2
0 0 1 0
448 64 2
0 0 1 0
449 95 1
0 0
450 86 3
0 0 1 0 2 0
451 30 2
0 0 0 1
452 18 3
0 0 0 1 0 2
453 39 3
0 0 1 0 2 0
454 66 2
0 0 0 1
455 66 3
0 0 0 1 0 2
456 80 1
0 0
457 95 3
0 0 0 1 0 2
458 17 3
0 0 0 1 0 2
459 59 3
0 0 0 1 0 2
460 55 3
0 0 0 1 0 2
461 59 1
0 0
462 8 2
0 0 0 1
463 54 2
0 0 1 0
464 17 1
0 0
465 75 2
0 0 0 1
466 13 3
0 0 0 1 0 2
467 36 1
0 0
468 38 2
0 0 0 1
469 25 3
0 0 1 0 2 0
470 55 3
0 0 0 1 0 2
471 96 2
0 0 1 0
472 77 2
0 0 1 0
473 88 3
0 0 0 1 0 2
474 23 1
0 0
475 59 3
0 0 1 0 2 0
476 84 2
0 0 1 0
477 78 2
0 0 0 1
478 85 3
0 0 0 1 0 2
479 58 2
0 0 1 0
480 4 1
0 0
481 68 3
0 0 0 1 0 2
482 53 3
0 0 0 1 0 2
483 18 3
0 0 0 1 0 2
484 28 2
0 0 0 1
485 98 3
0 0 1 0 2 0
486 72 3
0 0 0 1 0 2
487 4 1
0 0
488 23 3
0 0 1 0 2 0
489 80 1
0 0
490 48 3
0 0 0 1 0 2
491 8 3
0 0 1 0 2 0
492 79 3
0 0 1 0 2 0
493 82 2
0 0 0 1
494 4 1
0 0
495 45 2
0 0 0 1
496 68 2
0 0 0 1
497 9 2
0 0 1 0
498 41 3
0 0 1 0 2 0
499 89 1
0 0
500 15 1
0 0
501 54 3
0 0 1 0 2 0
502 33 3
0 0 1 0 2 0
503 74 3
0 0 0 1 0 2
504 95 2
0 0 1 0
505 31 2
0 0 1 0
506 18 2
0 0 1 0
507 90 1
0 0
508 97 1
0 0
509 7 1
0 0
510 7 2
0 0 0 1
511 15 3
0 0 0 1 0 2
512 55 1
0 0
513 33 2
0 0 0 1
514 28 3
0 0 0 1 0 2
515 34 2
0 0 1 0
516 26 3
0 0 1 0 2 0
517 35 3
0 0 0 1 0 2
518 56 2
0 0 1 0
519 91 3
0 0 1 0 2 0
520 27 2
0 0 1 0
521 97 2
0 0 1 0
522 97 2
0 0 0 1
523 49 3
0 0 1 0 2 0
524 49 1
0 0
525 36 2
0 0 1 0
526 23 2
0 0 1 0
527 81 3
0 0 0 1 0 2
528 82 3
0 0 1 0 2 0
529 57 1
0 0
530 79 2
0 0 1 0
531 51 3
0 0 0 1 0 2
532 93 3
0 0 1 0 2 0
533 56 3
0 0 0 1 0 2
534 52 1
0 0
535 67 3
0 0 0 1 0 2
536 85 3
0 0 1 0 2 0
537 44 2
0 0 0 1
538 28 2
0 0 1 0
539 72 2
0 0 1 0
540 68 2
0 0 0 1
541 71 1
0 0
542 30 1
0 0
543 98 3
0 0 0 1 0 2
544 56 3
0 0 0 1 0 2
545 78 1
0 0
546 91 2
0 0 0 1
547 17 3
0 0 1 0 2 0
548 6 3
0 0 0 1 0 2
549 18 1
0 0
550 51 2
0 0 1 0
551 6 2
0 0 0 1
552 4 3
0 0 1 0 2 0
553 43 3
0 0 0 1 0 2
554 2 2
0 0 1 0
555 91 2
0 0 1 0
556 14 3
0 0 0 1 0 2
557 19 2
0 0 1 0
558 19 2
0 0 1 0
559 30 2
0 0 1 0
560 9 3
0 0 0 1 0 2
561 2 3
0 0 1 0 2 0
562 63 1
0 0
563 36 2
0 0 1 0
564 88 2
0 0 0 1
565 84 3
0 0 1 0 2 0
566 29 2
0 0 0 1
567 77 3
0 0 0 1 0 2
568 4 3
0 0 0 1 0 2
569 90 3
0 0 0 1 0 2
570 28 1
0 0
571 67 2
0 0 0 1
572 29 2
0 0 1 0
573 5 1
0 0
574 54 3
0 0 1 0 2 0
575 88 3
0 0 0 1 0 2
576 52 3
0 0 0 1 0 2
577 98 1
0 0
578 30 2
0 0 1 0
579 36 2
0 0 1 0
580 78 2
0 0 1 0
581 15 2
0 0 0 1
582 9 3
0 0 1 0 2 0
583 78 3
0 0 1 0 2 0
584 73 3
0 0 1 0 2 0
585 88 3
0 0 0 1 0 2
586 21 1
0 0
587 35 2
0 0 0 1
588 9 2
0 0 1 0
589 61 1
0 0
590 72 2
0 0 0 1
591 80 3
0 0 0 1 0 2
592 83 3
0 0 1 0 2 0
593 28 3
0 0 0 1 0 2
594 1 1
0 0
595 91 2
0 0 1 0
596 71 3
0 0 0 1 0 2
597 90 3
0 0 0 1 0 2
598 71 3
0 0 0 1 0 2
599 84 1
0 0
600 12 2
0 0 1 0
601 7 1
0 0
602 43 2
0 0 1 0
603 58 3
0 0 1 0 2 0
604 64 2
0 0 1 0
605 10 3
0 0 0 1 0 2
606 100 3
0 0 0 1 0 2
607 77 3
0 0 0 1 0 2
608 6 2
0 0 0 1
609 30 1
0 0
610 42 2
0 0 1 0
611 90 3
0 0 0 1 0 2
612 30 3
0 0 0 1 0 2
613 8 3
0 0 0 1 0 2
614 49 2
0 0 0 1
615 33 2
0 0 0 1
616 18 3
0 0 1 0 2 0
617 20 2
0 0 1 0
618 47 3
0 0 1 0 2 0
619 27 1
0 0
620 33 3
0 0 0 1 0 2
621 35 2
0 0 0 1
622 36 3
0 0 0 1 0 2
623 63 2
0 0 1 0
624 30 2
0 0 0 1
625 8 1
0 0
626 40 1
0 0
627 11 3
0 0 0 1 0 2
628 8 2
0 0 0 1
629 88 1
0 0
630 45 3
0 0 1 0 2 0
631 41 2
0 0 1 0
632 13 1
0 0
633 80 3
0 0 0 1 0 2
634 14 1
0 0
635 43 2
0 0 1 0
636 91 3
0 0 1 0 2 0
637 56 2
0 0 1 0
638 90 2
0 0 1 0
639 85 3
0 0 0 1 0 2
640 21 2
0 0 1 0
641 79 1
0 0
642 71 1
0 0
643 79 2
0 0 1 0
644 16 3
0 0 0 1 0 2
645 32 2
0 0 0 1
646 89 3
0 0 1 0 2 0
647 62 2
0 0 0 1
648 3 3
0 0 1 0 2 0
649 37 3
0 0 0 1 0 2
650 83 3
0 0 0 1 0 2
651 6 1
0 0
652 52 1
0 0
653 9 2
0 0 1 0
654 18 3
0 0 1 0 2 0
655 77 3
0 0 0 1 0 2
656 100 2
0 0 1 0
657 20 2
0 0 1 0
658 94 2
0 0 1 0
659 25 3
0 0 1 0 2 0
660 50 3
0 0 0 1 0 2
661 89 2
0 0 0 1
662 81 2
0 0 0 1
663 69 2
0 0 0 1
664 81 2
0 0 0 1
665 98 2
0 0 0 1
666 79 3
0 0 0 1 0 2
667 12 2
0 0 1 0
668 29 1
0 0
669 68 2
0 0 0 1
670 53 1
0 0
671 54 3
0 0 0 1 0 2
672 31 2
0 0 0 1
673 15 3
0 0 1 0 2 0
674 34 2
0 0 1 0
675 31 2
0 0 0 1
676 42 2
0 0 0 1
677 72 3
0 0 1 0 2 0
678 78 3
0 0 0 1 0 2
679 23 3
0 0 1 0 2 0
680 16 1
0 0
681 60 2
0 0 0 1
682 23 3
0 0 0 1 0 2
683 86 2
0 0 0 1
684 2 3
0 0 1 0 2 0
685 87 1
0 0
686 96 1
0 0
687 84 3
0 0 0 1 0 2
688 4 3
0 0 1 0 2 0
689 52 3
0 0 1 0 2 0
690 81 2
0 0 0 1
691 78 3
0 0 0 1 0 2
692 72 3
0 0 1 0 2 0
693 99 3
0 0 0 1 0 2
694 72 1
0 0
695 98 3
0 0 0 1 0 2
696 77 3
0 0 0 1 0 2
697 43 2
0 0 0 1
698 91 3
0 0 0 1 0 2
699 47 2
0 0 1 0
700 68 1
0 0
701 55 1
0 0
702 11 2
0 0 1 0
703 14 1
0 0
704 40 3
0 0 0 1 0 2
705 92 1
0 0
706 73 1
0 0
707 75 3
0 0 0 1 0 2
708 5 3
0 0 0 1 0 2
709 2 2
0 0 1 0
710 49 1
0 0
711 11 2
0 0 1 0
712 37 3
0 0 1 0 2 0
713 74 2
0 0 1 0
714 33 2
0 0 1 0
715 41 2
0 0 1 0
716 70 2
0 0 1 0
717 86 2
0 0 1 0
718 83 3
0 0 1 0 2 0
719 61 3
0 0 0 1 0 2
720 14 3
0 0 1 0 2 0
721 81 3
0 0 1 0 2 0
722 31 3
0 0 0 1 0 2
723 65 2
0 0 0 1
724 74 2
0 0 0 1
725 3 2
0 0 0 1
726 34 2
0 0 1 0
727 61 1
0 0
728 97 1
0 0
729 36 3
0 0 0 1 0 2
730 90 1
0 0
731 82 3
0 0 0 1 0 2
732 77 1
0 0
733 20 3
0 0 0 1 0 2
734 71 1
0 0
735 81 3
0 0 1 0 2 0
736 34 2
0 0 1 0
737 21 2
0 0 1 0
738 30 2
0 0 0 1
739 7 2
0 0 1 0
740 19 2
0 0 0 1
741 98 2
0 0 0 1
742 30 2
0 0 0 1
743 26 1
0 0
744 60 3
0 0 1 0 2 0
745 64 1
0 0
746 66 3
0 0 0 1 0 2
747 18 2
0 0 1 0
748 32 3
0 0 1 0 2 0
749 99 3
0 0 0 1 0 2
750 81 3
0 0 1 0 2 0
751 10 2
0 0 1 0
752 27 1
0 0
753 7 2
0 0 1 0
754 81 3
0 0 0 1 0 2
755 7 1
0 0
756 43 3
0 0 1 0 2 0
757 98 2
0 0 0 1
758 15 1
0 0
759 45 3
0 0 0 1 0 2
760 18 3
0 0 1 0 2 0
761 81 2
0 0 1 0
762 100 2
0 0 0 1
763 36 2
0 0 0 1
764 92 1
0 0
765 63 2
0 0 0 1
766 67 3
0 0 0 1 0 2
767 80 1
0 0
768 12 3
0 0 0 1 0 2
769 31 2
0 0 1 0
770 74 3
0 0 0 1 0 2
771 65 3
0 0 1 0 2 0
772 39 2
0 0 1 0
773 49 1
0 0
774 72 1
0 0
775 96 3
0 0 1 0 2 0
776 35 3
0 0 1 0 2 0
777 88 1
0 0
778 77 3
0 0 1 0 2 0
779 59 3
0 0 1 0 2 0
780 24 2
0 0 0 1
781 5 2
0 0 0 1
782 70 3
0 0 1 0 2 0
783 43 2
0 0 1 0
784 95 1
0 0
785 34 3
0 0 1 0 2 0
786 43 3
0 0 0 1 0 2
787 39 2
0 0 1 0
788 63 3
0 0 0 1 0 2
789 9 2
0 0 0 1
790 77 2
0 0 1 0
791 39 2
0 0 1 0
792 96 2
0 0 0 1
793 69 3
0 0 1 0 2 0
794 98 2
0 0 1 0
795 26 2
0 0 1 0
796 15 3
0 0 1 0 2 0
797 23 1
0 0
798 2 1
0 0
799 50 2
0 0 1 0
800 55 2
0 0 0 1
801 83 3
0 0 0 1 0 2
802 57 3
0 0 1 0 2 0
803 11 2
0 0 0 1
804 66 3
0 0 1 0 2 0
805 39 2
0 0 1 0
806 87 2
0 0 0 1
807 31 2
0 0 1 0
808 18 3
0 0 1 0 2 0
809 63 2
0 0 0 1
810 58 3
0 0 1 0 2 0
811 79 3
0 0 1 0 2 0
812 14 3
0 0 0 1 0 2
813 27 2
0 0 1 0
814 3 2
0 0 0 1
815 8 2
0 0 0 1
816 56 2
0 0 1 0
817 85 3
0 0 0 1 0 2
818 98 1
0 0
819 33 2
0 0 0 1
820 82 1
0 0
821 54 3
0 0 1 0 2 0
822 94 1
0 0
823 6 2
0 0 1 0
824 66 3
0 0 0 1 0 2
825 40 2
0 0 0 1
826 56 2
0 0 0 1
827 31 3
0 0 1 0 2 0
828 78 2
0 0 0 1
829 37 2
0 0 0 1
830 26 3
0 0 1 0 2 0
831 15 2
0 0 1 0
832 4 3
0 0 0 1 0 2
833 80 2
0 0 1 0
834 7 3
0 0 0 1 0 2
835 53 2
0 0 0 1
836 90 1
0 0
837 59 1
0 0
838 49 2
0 0 0 1
839 18 2
0 0 0 1
840 50 1
0 0
841 4 3
0 0 1 0 2 0
842 35 1
0 0
843 69 3
0 0 1 0 2 0
844 30 3
0 0 1 0 2 0
845 87 2
0 0 0 1
846 24 3
0 0 0 1 0 2
847 44 3
0 0 1 0 2 0
848 90 2
0 0 0 1
849 6 3
0 0 1 0 2 0
850 41 3
0 0 0 1 0 2
851 65 3
0 0 0 1 0 2
852 34 2
0 0 0 1
853 59 1
0 0
854 60 3
0 0 0 1 0 2
855 66 3
0 0 0 1 0 2
856 94 2
0 0 0 1
857 25 2
0 0 0 1
858 46 3
0 0 0 1 0 2
859 96 3
0 0 1 0 2 0
860 12 1
0 0
861 19 2
0 0 0 1
862 65 3
0 0 0 1 0 2
863 76 3
0 0 1 0 2 0
864 100 3
0 0 1 0 2 0
865 71 2
0 0 1 0
866 47 1
0 0
867 36 1
0 0
868 7 2
0 0 0 1
869 45 1
0 0
870 11 2
0 0 1 0
871 84 3
0 0 1 0 2 0
872 63 1
0 0
873 47 3
0 0 1 0 2 0
874 58 2
0 0 1 0
875 33 2
0 0 1 0
876 57 2
0 0 0 1
877 75 2
0 0 1 0
878 85 2
0 0 1 0
879 37 1
0 0
880 58 3
0 0 1 0 2 0
881 100 3
0 0 0 1 0 2
882 29 3
0 0 0 1 0 2
883 44 3
0 0 1 0 2 0
884 7 2
0 0 0 1
885 1 2
0 0 1 0
886 11 2
0 0 0 1
887 35 3
0 0 1 0 2 0
888 60 2
0 0 0 1
889 71 1
0 0
890 70 2
0 0 0 1
891 94 1
0 0
892 59 2
0 0 1 0
893 26 3
0 0 1 0 2 0
894 87 1
0 0
895 65 2
0 0 0 1
896 50 3
0 0 0 1 0 2
897 10 2
0 0 1 0
898 98 2
0 0 1 0
899 30 3
0 0 0 1 0 2
900 40 3
0 0 0 1 0 2
901 26 3
0 0 1 0 2 0
902 12 2
0 0 1 0
903 26 2
0 0 1 0
904 91 3
0 0 1 0 2 0
905 11 1
0 0
906 40 3
0 0 1 0 2 0
907 92 2
0 0 1 0
908 18 3
0 0 1 0 2 0
909 91 2
0 0 1 0
910 30 1
0 0
911 11 3
0 0 0 1 0 2
912 73 1
0 0
913 12 1
0 0
914 9 3
0 0 1 0 2 0
915 64 2
0 0 1 0
916 9 1
0 0
917 39 3
0 0 0 1 0 2
918 35 2
0 0 0 1
919 16 3
0 0 0 1 0 2
920 96 3
0 0 0 1 0 2
921 100 1
0 0
922 53 3
0 0 1 0 2 0
923 43 3
0 0 1 0 2 0
924 5 3
0 0 1 0 2 0
925 80 2
0 0 1 0
926 17 2
0 0 1 0
927 61 3
0 0 1 0 2 0
928 4 1
0 0
929 35 3
0 0 1 0 2 0
930 30 2
0 0 0 1
931 11 2
0 0 0 1
932 46 2
0 0 0 1
933 65 2
0 0 1 0
934 65 2
0 0 1 0
935 49 3
0 0 1 0 2 0
936 84 2
0 0 1 0
937 54 3
0 0 1 0 2 0
938 8 2
0 0 1 0
939 65 2
0 0 1 0
940 75 1
0 0
941 68 3
0 0 1 0 2 0
942 13 2
0 0 0 1
943 49 3
0 0 0 1 0 2
944 84 1
0 0
945 39 2
0 0 0 1
946 79 2
0 0 1 0
947 78 2
0 0 1 0
948 92 1
0 0
949 71 3
0 0 0 1 0 2
950 60 1
0 0
951 55 3
0 0 0 1 0 2
952 33 3
0 0 0 1 0 2
953 61 3
0 0 1 0 2 0
954 63 3
0 0 0 1 0 2
955 98 2
0 0 0 1
956 63 1
0 0
957 74 3
0 0 1 0 2 0
958 80 1
0 0
959 31 2
0 0 0 1
960 34 2
0 0 1 0
961 82 3
0 0 0 1 0 2
962 93 1
0 0
963 39 3
0 0 0 1 0 2
964 14 2
0 0 1 0
965 10 3
0 0 1 0 2 0
966 50 2
0 0 0 1
967 70 2
0 0 1 0
968 28 1
0 0
969 82 3
0 0 1 0 2 0
970 5 3
0 0 0 1 0 2
971 76 1
0 0
972 7 3
0 0 0 1 0 2
973 81 1
0 0
974 41 2
0 0 1 0
975 68 2
0 0 1 0
976 94 3
0 0 0 1 0 2
977 93 2
0 0 0 1
978 96 2
0 0 0 1
979 58 3
0 0 0 1 0 2
980 71 2
0 0 0 1
981 21 3
0 0 1 0 2 0
982 95 3
0 0 1 0 2 0
983 32 3
0 0 0 1 0 2
984 45 3
0 0 1 0 2 0
985 45 3
0 0 1 0 2 0
986 62 2
0 0 0 1
987 25 1
0 0
988 90 3
0 0 1 0 2 0
989 87 2
0 0 0 1
990 25 2
0 0 1 0
991 82 2
0 0 1 0
992 56 3
0 0 1 0 2 0
993 24 1
0 0
994 69 2
0 0 0 1
995 81 3
0 0 1 0 2 0
996 74 1
0 0
997 7 2
0 0 1 0
998 37 3
0 0 0 1 0 2
999 25 2
0 0 1 0
