12
11
500
0 24 10
0 0 1 0 2 0 3 0 0 1 1 1 2 1 0 2 1 2 0 3
1 42 20
0 0 1 0 2 0 3 0 4 0 5 0 0 1 5 1 0 2 5 2 0 3 5 3 0 4 5 4 0 5 1 5 2 5 3 5 4 5 5 5
2 24 20
0 0 1 0 2 0 3 0 4 0 5 0 0 1 5 1 0 2 5 2 0 3 5 3 0 4 5 4 0 5 1 5 2 5 3 5 4 5 5 5
3 88 10
0 0 1 0 2 0 3 0 2 1 0 2 1 2 2 2 0 3 0 4
4 27 12
0 0 1 0 2 0 3 0 0 1 0 2 1 2 0 3 0 4 0 5 1 5 2 5
5 20 7
0 0 0 1 0 2 0 3 1 3 2 3 3 3
6 66 6
2 0 1 1 2 1 0 2 1 2 2 2
7 25 10
0 0 1 0 2 0 3 0 0 1 1 1 2 1 0 2 1 2 0 3
8 42 10
0 0 1 0 2 0 3 0 2 1 0 2 1 2 2 2 0 3 0 4
9 36 20
0 0 1 0 2 0 3 0 4 0 5 0 0 1 5 1 0 2 5 2 0 3 5 3 0 4 5 4 0 5 1 5 2 5 3 5 4 5 5 5
10 42 12
0 0 1 0 2 0 3 0 0 1 0 2 1 2 0 3 0 4 0 5 1 5 2 5
11 24 10
0 0 1 0 2 0 3 0 2 1 0 2 1 2 2 2 0 3 0 4
12 32 20
0 0 1 0 2 0 3 0 4 0 5 0 0 1 5 1 0 2 5 2 0 3 5 3 0 4 5 4 0 5 1 5 2 5 3 5 4 5 5 5
13 45 12
0 0 1 0 2 0 3 0 0 1 0 2 1 2 0 3 0 4 0 5 1 5 2 5
14 45 10
0 0 1 0 2 0 3 0 2 1 0 2 1 2 2 2 0 3 0 4
15 70 20
0 0 1 0 2 0 3 0 4 0 5 0 0 1 5 1 0 2 5 2 0 3 5 3 0 4 5 4 0 5 1 5 2 5 3 5 4 5 5 5
16 28 12
0 0 1 0 2 0 3 0 0 1 0 2 1 2 0 3 0 4 0 5 1 5 2 5
17 55 10
0 0 1 0 2 0 3 0 2 1 0 2 1 2 2 2 0 3 0 4
18 12 6
2 0 1 1 2 1 0 2 1 2 2 2
19 48 7
0 0 0 1 0 2 0 3 1 3 2 3 3 3
20 16 10
0 0 1 0 2 0 3 0 0 1 1 1 2 1 0 2 1 2 0 3
21 24 10
0 0 1 0 2 0 3 0 0 1 1 1 2 1 0 2 1 2 0 3
22 63 20
0 0 1 0 2 0 3 0 4 0 5 0 0 1 5 1 0 2 5 2 0 3 5 3 0 4 5 4 0 5 1 5 2 5 3 5 4 5 5 5
23 32 12
0 0 1 0 2 0 3 0 0 1 0 2 1 2 0 3 0 4 0 5 1 5 2 5
24 72 10
0 0 1 0 2 0 3 0 2 1 0 2 1 2 2 2 0 3 0 4
25 88 7
0 0 0 1 0 2 0 3 1 3 2 3 3 3
26 40 12
0 0 1 0 2 0 3 0 0 1 0 2 1 2 0 3 0 4 0 5 1 5 2 5
27 66 12
0 0 1 0 2 0 3 0 0 1 0 2 1 2 0 3 0 4 0 5 1 5 2 5
28 36 20
0 0 1 0 2 0 3 0 4 0 5 0 0 1 5 1 0 2 5 2 0 3 5 3 0 4 5 4 0 5 1 5 2 5 3 5 4 5 5 5
29 45 6
2 0 1 1 2 1 0 2 1 2 2 2
30 20 10
0 0 1 0 2 0 3 0 0 1 1 1 2 1 0 2 1 2 0 3
31 27 20
0 0 1 0 2 0 3 0 4 0 5 0 0 1 5 1 0 2 5 2 0 3 5 3 0 4 5 4 0 5 1 5 2 5 3 5 4 5 5 5
32 40 20
0 0 1 0 2 0 3 0 4 0 5 0 0 1 5 1 0 2 5 2 0 3 5 3 0 4 5 4 0 5 1 5 2 5 3 5 4 5 5 5
33 72 10
0 0 1 0 2 0 3 0 2 1 0 2 1 2 2 2 0 3 0 4
34 42 10
0 0 1 0 2 0 3 0 0 1 1 1 2 1 0 2 1 2 0 3
35 18 20
0 0 1 0 2 0 3 0 4 0 5 0 0 1 5 1 0 2 5 2 0 3 5 3 0 4 5 4 0 5 1 5 2 5 3 5 4 5 5 5
36 9 20
0 0 1 0 2 0 3 0 4 0 5 0 0 1 5 1 0 2 5 2 0 3 5 3 0 4 5 4 0 5 1 5 2 5 3 5 4 5 5 5
37 60 12
0 0 1 0 2 0 3 0 0 1 0 2 1 2 0 3 0 4 0 5 1 5 2 5
38 54 20
0 0 1 0 2 0 3 0 4 0 5 0 0 1 5 1 0 2 5 2 0 3 5 3 0 4 5 4 0 5 1 5 2 5 3 5 4 5 5 5
39 36 10
0 0 1 0 2 0 3 0 0 1 1 1 2 1 0 2 1 2 0 3
40 55 6
2 0 1 1 2 1 0 2 1 2 2 2
41 21 6
2 0 1 1 2 1 0 2 1 2 2 2
42 32 20
0 0 1 0 2 0 3 0 4 0 5 0 0 1 5 1 0 2 5 2 0 3 5 3 0 4 5 4 0 5 1 5 2 5 3 5 4 5 5 5
43 36 12
0 0 1 0 2 0 3 0 0 1 0 2 1 2 0 3 0 4 0 5 1 5 2 5
44 60 12
0 0 1 0 2 0 3 0 0 1 0 2 1 2 0 3 0 4 0 5 1 5 2 5
45 42 7
0 0 0 1 0 2 0 3 1 3 2 3 3 3
46 21 12
0 0 1 0 2 0 3 0 0 1 0 2 1 2 0 3 0 4 0 5 1 5 2 5
47 35 7
0 0 0 1 0 2 0 3 1 3 2 3 3 3
48 32 7
0 0 0 1 0 2 0 3 1 3 2 3 3 3
49 36 10
0 0 1 0 2 0 3 0 2 1 0 2 1 2 2 2 0 3 0 4
50 28 6
2 0 1 1 2 1 0 2 1 2 2 2
51 48 12
0 0 1 0 2 0 3 0 0 1 0 2 1 2 0 3 0 4 0 5 1 5 2 5
52 77 7
0 0 0 1 0 2 0 3 1 3 2 3 3 3
53 45 20
0 0 1 0 2 0 3 0 4 0 5 0 0 1 5 1 0 2 5 2 0 3 5 3 0 4 5 4 0 5 1 5 2 5 3 5 4 5 5 5
54 42 20
0 0 1 0 2 0 3 0 4 0 5 0 0 1 5 1 0 2 5 2 0 3 5 3 0 4 5 4 0 5 1 5 2 5 3 5 4 5 5 5
55 64 10
0 0 1 0 2 0 3 0 0 1 1 1 2 1 0 2 1 2 0 3
56 30 7
0 0 0 1 0 2 0 3 1 3 2 3 3 3
57 15 12
0 0 1 0 2 0 3 0 0 1 0 2 1 2 0 3 0 4 0 5 1 5 2 5
58 33 20
0 0 1 0 2 0 3 0 4 0 5 0 0 1 5 1 0 2 5 2 0 3 5 3 0 4 5 4 0 5 1 5 2 5 3 5 4 5 5 5
59 18 7
0 0 0 1 0 2 0 3 1 3 2 3 3 3
60 16 10
0 0 1 0 2 0 3 0 0 1 1 1 2 1 0 2 1 2 0 3
61 42 7
0 0 0 1 0 2 0 3 1 3 2 3 3 3
62 48 10
0 0 1 0 2 0 3 0 0 1 1 1 2 1 0 2 1 2 0 3
63 84 10
0 0 1 0 2 0 3 0 0 1 1 1 2 1 0 2 1 2 0 3
64 25 10
0 0 1 0 2 0 3 0 2 1 0 2 1 2 2 2 0 3 0 4
65 18 10
0 0 1 0 2 0 3 0 2 1 0 2 1 2 2 2 0 3 0 4
66 96 12
0 0 1 0 2 0 3 0 0 1 0 2 1 2 0 3 0 4 0 5 1 5 2 5
67 48 20
0 0 1 0 2 0 3 0 4 0 5 0 0 1 5 1 0 2 5 2 0 3 5 3 0 4 5 4 0 5 1 5 2 5 3 5 4 5 5 5
68 48 10
0 0 1 0 2 0 3 0 0 1 1 1 2 1 0 2 1 2 0 3
69 16 7
0 0 0 1 0 2 0 3 1 3 2 3 3 3
70 55 6
2 0 1 1 2 1 0 2 1 2 2 2
71 96 6
2 0 1 1 2 1 0 2 1 2 2 2
72 12 20
0 0 1 0 2 0 3 0 4 0 5 0 0 1 5 1 0 2 5 2 0 3 5 3 0 4 5 4 0 5 1 5 2 5 3 5 4 5 5 5
73 12 10
0 0 1 0 2 0 3 0 2 1 0 2 1 2 2 2 0 3 0 4
74 9 7
0 0 0 1 0 2 0 3 1 3 2 3 3 3
75 45 10
0 0 1 0 2 0 3 0 0 1 1 1 2 1 0 2 1 2 0 3
76 40 10
0 0 1 0 2 0 3 0 2 1 0 2 1 2 2 2 0 3 0 4
77 50 20
0 0 1 0 2 0 3 0 4 0 5 0 0 1 5 1 0 2 5 2 0 3 5 3 0 4 5 4 0 5 1 5 2 5 3 5 4 5 5 5
78 25 20
0 0 1 0 2 0 3 0 4 0 5 0 0 1 5 1 0 2 5 2 0 3 5 3 0 4 5 4 0 5 1 5 2 5 3 5 4 5 5 5
79 55 20
0 0 1 0 2 0 3 0 4 0 5 0 0 1 5 1 0 2 5 2 0 3 5 3 0 4 5 4 0 5 1 5 2 5 3 5 4 5 5 5
80 12 12
0 0 1 0 2 0 3 0 0 1 0 2 1 2 0 3 0 4 0 5 1 5 2 5
81 32 12
0 0 1 0 2 0 3 0 0 1 0 2 1 2 0 3 0 4 0 5 1 5 2 5
82 64 20
0 0 1 0 2 0 3 0 4 0 5 0 0 1 5 1 0 2 5 2 0 3 5 3 0 4 5 4 0 5 1 5 2 5 3 5 4 5 5 5
83 36 10
0 0 1 0 2 0 3 0 0 1 1 1 2 1 0 2 1 2 0 3
84 50 12
0 0 1 0 2 0 3 0 0 1 0 2 1 2 0 3 0 4 0 5 1 5 2 5
85 24 10
0 0 1 0 2 0 3 0 0 1 1 1 2 1 0 2 1 2 0 3
86 42 10
0 0 1 0 2 0 3 0 0 1 1 1 2 1 0 2 1 2 0 3
87 18 20
0 0 1 0 2 0 3 0 4 0 5 0 0 1 5 1 0 2 5 2 0 3 5 3 0 4 5 4 0 5 1 5 2 5 3 5 4 5 5 5
88 12 10
0 0 1 0 2 0 3 0 2 1 0 2 1 2 2 2 0 3 0 4
89 9 20
0 0 1 0 2 0 3 0 4 0 5 0 0 1 5 1 0 2 5 2 0 3 5 3 0 4 5 4 0 5 1 5 2 5 3 5 4 5 5 5
90 35 7
0 0 0 1 0 2 0 3 1 3 2 3 3 3
91 96 20
0 0 1 0 2 0 3 0 4 0 5 0 0 1 5 1 0 2 5 2 0 3 5 3 0 4 5 4 0 5 1 5 2 5 3 5 4 5 5 5
92 21 12
0 0 1 0 2 0 3 0 0 1 0 2 1 2 0 3 0 4 0 5 1 5 2 5
93 25 20
0 0 1 0 2 0 3 0 4 0 5 0 0 1 5 1 0 2 5 2 0 3 5 3 0 4 5 4 0 5 1 5 2 5 3 5 4 5 5 5
94 48 20
0 0 1 0 2 0 3 0 4 0 5 0 0 1 5 1 0 2 5 2 0 3 5 3 0 4 5 4 0 5 1 5 2 5 3 5 4 5 5 5
95 24 12
0 0 1 0 2 0 3 0 0 1 0 2 1 2 0 3 0 4 0 5 1 5 2 5
96 42 10
0 0 1 0 2 0 3 0 2 1 0 2 1 2 2 2 0 3 0 4
97 96 20
0 0 1 0 2 0 3 0 4 0 5 0 0 1 5 1 0 2 5 2 0 3 5 3 0 4 5 4 0 5 1 5 2 5 3 5 4 5 5 5
98 24 12
0 0 1 0 2 0 3 0 0 1 0 2 1 2 0 3 0 4 0 5 1 5 2 5
99 24 6
2 0 1 1 2 1 0 2 1 2 2 2
100 24 10
0 0 1 0 2 0 3 0 0 1 1 1 2 1 0 2 1 2 0 3
101 21 7
0 0 0 1 0 2 0 3 1 3 2 3 3 3
102 27 10
0 0 1 0 2 0 3 0 2 1 0 2 1 2 2 2 0 3 0 4
103 50 20
0 0 1 0 2 0 3 0 4 0 5 0 0 1 5 1 0 2 5 2 0 3 5 3 0 4 5 4 0 5 1 5 2 5 3 5 4 5 5 5
104 32 12
0 0 1 0 2 0 3 0 0 1 0 2 1 2 0 3 0 4 0 5 1 5 2 5
105 25 20
0 0 1 0 2 0 3 0 4 0 5 0 0 1 5 1 0 2 5 2 0 3 5 3 0 4 5 4 0 5 1 5 2 5 3 5 4 5 5 5
106 72 7
0 0 0 1 0 2 0 3 1 3 2 3 3 3
107 21 12
0 0 1 0 2 0 3 0 0 1 0 2 1 2 0 3 0 4 0 5 1 5 2 5
108 66 20
0 0 1 0 2 0 3 0 4 0 5 0 0 1 5 1 0 2 5 2 0 3 5 3 0 4 5 4 0 5 1 5 2 5 3 5 4 5 5 5
109 66 10
0 0 1 0 2 0 3 0 0 1 1 1 2 1 0 2 1 2 0 3
110 18 10
0 0 1 0 2 0 3 0 0 1 1 1 2 1 0 2 1 2 0 3
111 24 10
0 0 1 0 2 0 3 0 2 1 0 2 1 2 2 2 0 3 0 4
112 15 10
0 0 1 0 2 0 3 0 0 1 1 1 2 1 0 2 1 2 0 3
113 30 7
0 0 0 1 0 2 0 3 1 3 2 3 3 3
114 77 20
0 0 1 0 2 0 3 0 4 0 5 0 0 1 5 1 0 2 5 2 0 3 5 3 0 4 5 4 0 5 1 5 2 5 3 5 4 5 5 5
115 20 10
0 0 1 0 2 0 3 0 0 1 1 1 2 1 0 2 1 2 0 3
116 84 10
0 0 1 0 2 0 3 0 2 1 0 2 1 2 2 2 0 3 0 4
117 21 6
2 0 1 1 2 1 0 2 1 2 2 2
118 15 20
0 0 1 0 2 0 3 0 4 0 5 0 0 1 5 1 0 2 5 2 0 3 5 3 0 4 5 4 0 5 1 5 2 5 3 5 4 5 5 5
119 48 20
0 0 1 0 2 0 3 0 4 0 5 0 0 1 5 1 0 2 5 2 0 3 5 3 0 4 5 4 0 5 1 5 2 5 3 5 4 5 5 5
120 33 20
0 0 1 0 2 0 3 0 4 0 5 0 0 1 5 1 0 2 5 2 0 3 5 3 0 4 5 4 0 5 1 5 2 5 3 5 4 5 5 5
121 63 20
0 0 1 0 2 0 3 0 4 0 5 0 0 1 5 1 0 2 5 2 0 3 5 3 0 4 5 4 0 5 1 5 2 5 3 5 4 5 5 5
122 30 10
0 0 1 0 2 0 3 0 0 1 1 1 2 1 0 2 1 2 0 3
123 77 7
0 0 0 1 0 2 0 3 1 3 2 3 3 3
124 16 20
0 0 1 0 2 0 3 0 4 0 5 0 0 1 5 1 0 2 5 2 0 3 5 3 0 4 5 4 0 5 1 5 2 5 3 5 4 5 5 5
125 42 20
0 0 1 0 2 0 3 0 4 0 5 0 0 1 5 1 0 2 5 2 0 3 5 3 0 4 5 4 0 5 1 5 2 5 3 5 4 5 5 5
126 48 20
0 0 1 0 2 0 3 0 4 0 5 0 0 1 5 1 0 2 5 2 0 3 5 3 0 4 5 4 0 5 1 5 2 5 3 5 4 5 5 5
127 60 20
0 0 1 0 2 0 3 0 4 0 5 0 0 1 5 1 0 2 5 2 0 3 5 3 0 4 5 4 0 5 1 5 2 5 3 5 4 5 5 5
128 96 7
0 0 0 1 0 2 0 3 1 3 2 3 3 3
129 56 7
0 0 0 1 0 2 0 3 1 3 2 3 3 3
130 25 20
0 0 1 0 2 0 3 0 4 0 5 0 0 1 5 1 0 2 5 2 0 3 5 3 0 4 5 4 0 5 1 5 2 5 3 5 4 5 5 5
131 36 10
0 0 1 0 2 0 3 0 2 1 0 2 1 2 2 2 0 3 0 4
132 18 10
0 0 1 0 2 0 3 0 2 1 0 2 1 2 2 2 0 3 0 4
133 20 12
0 0 1 0 2 0 3 0 0 1 0 2 1 2 0 3 0 4 0 5 1 5 2 5
134 45 7
0 0 0 1 0 2 0 3 1 3 2 3 3 3
135 48 12
0 0 1 0 2 0 3 0 0 1 0 2 1 2 0 3 0 4 0 5 1 5 2 5
136 50 10
0 0 1 0 2 0 3 0 0 1 1 1 2 1 0 2 1 2 0 3
137 24 7
0 0 0 1 0 2 0 3 1 3 2 3 3 3
138 56 10
0 0 1 0 2 0 3 0 0 1 1 1 2 1 0 2 1 2 0 3
139 18 6
2 0 1 1 2 1 0 2 1 2 2 2
140 30 7
0 0 0 1 0 2 0 3 1 3 2 3 3 3
141 16 10
0 0 1 0 2 0 3 0 2 1 0 2 1 2 2 2 0 3 0 4
142 28 6
2 0 1 1 2 1 0 2 1 2 2 2
143 44 20
0 0 1 0 2 0 3 0 4 0 5 0 0 1 5 1 0 2 5 2 0 3 5 3 0 4 5 4 0 5 1 5 2 5 3 5 4 5 5 5
144 77 12
0 0 1 0 2 0 3 0 0 1 0 2 1 2 0 3 0 4 0 5 1 5 2 5
145 28 6
2 0 1 1 2 1 0 2 1 2 2 2
146 30 10
0 0 1 0 2 0 3 0 2 1 0 2 1 2 2 2 0 3 0 4
147 18 12
0 0 1 0 2 0 3 0 0 1 0 2 1 2 0 3 0 4 0 5 1 5 2 5
148 12 20
0 0 1 0 2 0 3 0 4 0 5 0 0 1 5 1 0 2 5 2 0 3 5 3 0 4 5 4 0 5 1 5 2 5 3 5 4 5 5 5
149 30 10
0 0 1 0 2 0 3 0 0 1 1 1 2 1 0 2 1 2 0 3
150 45 20
0 0 1 0 2 0 3 0 4 0 5 0 0 1 5 1 0 2 5 2 0 3 5 3 0 4 5 4 0 5 1 5 2 5 3 5 4 5 5 5
151 32 10
0 0 1 0 2 0 3 0 0 1 1 1 2 1 0 2 1 2 0 3
152 45 10
0 0 1 0 2 0 3 0 0 1 1 1 2 1 0 2 1 2 0 3
153 30 12
0 0 1 0 2 0 3 0 0 1 0 2 1 2 0 3 0 4 0 5 1 5 2 5
154 28 7
0 0 0 1 0 2 0 3 1 3 2 3 3 3
155 16 12
0 0 1 0 2 0 3 0 0 1 0 2 1 2 0 3 0 4 0 5 1 5 2 5
156 72 10
0 0 1 0 2 0 3 0 2 1 0 2 1 2 2 2 0 3 0 4
157 55 7
0 0 0 1 0 2 0 3 1 3 2 3 3 3
158 21 10
0 0 1 0 2 0 3 0 0 1 1 1 2 1 0 2 1 2 0 3
159 25 12
0 0 1 0 2 0 3 0 0 1 0 2 1 2 0 3 0 4 0 5 1 5 2 5
160 50 6
2 0 1 1 2 1 0 2 1 2 2 2
161 24 7
0 0 0 1 0 2 0 3 1 3 2 3 3 3
162 96 12
0 0 1 0 2 0 3 0 0 1 0 2 1 2 0 3 0 4 0 5 1 5 2 5
163 18 20
0 0 1 0 2 0 3 0 4 0 5 0 0 1 5 1 0 2 5 2 0 3 5 3 0 4 5 4 0 5 1 5 2 5 3 5 4 5 5 5
164 12 10
0 0 1 0 2 0 3 0 0 1 1 1 2 1 0 2 1 2 0 3
165 24 6
2 0 1 1 2 1 0 2 1 2 2 2
166 56 6
2 0 1 1 2 1 0 2 1 2 2 2
167 55 10
0 0 1 0 2 0 3 0 2 1 0 2 1 2 2 2 0 3 0 4
168 28 12
0 0 1 0 2 0 3 0 0 1 0 2 1 2 0 3 0 4 0 5 1 5 2 5
169 28 12
0 0 1 0 2 0 3 0 0 1 0 2 1 2 0 3 0 4 0 5 1 5 2 5
170 21 10
0 0 1 0 2 0 3 0 2 1 0 2 1 2 2 2 0 3 0 4
171 24 12
0 0 1 0 2 0 3 0 0 1 0 2 1 2 0 3 0 4 0 5 1 5 2 5
172 56 20
0 0 1 0 2 0 3 0 4 0 5 0 0 1 5 1 0 2 5 2 0 3 5 3 0 4 5 4 0 5 1 5 2 5 3 5 4 5 5 5
173 35 20
0 0 1 0 2 0 3 0 4 0 5 0 0 1 5 1 0 2 5 2 0 3 5 3 0 4 5 4 0 5 1 5 2 5 3 5 4 5 5 5
174 48 10
0 0 1 0 2 0 3 0 0 1 1 1 2 1 0 2 1 2 0 3
175 66 10
0 0 1 0 2 0 3 0 0 1 1 1 2 1 0 2 1 2 0 3
176 40 10
0 0 1 0 2 0 3 0 2 1 0 2 1 2 2 2 0 3 0 4
177 28 10
0 0 1 0 2 0 3 0 2 1 0 2 1 2 2 2 0 3 0 4
178 33 10
0 0 1 0 2 0 3 0 0 1 1 1 2 1 0 2 1 2 0 3
179 36 20
0 0 1 0 2 0 3 0 4 0 5 0 0 1 5 1 0 2 5 2 0 3 5 3 0 4 5 4 0 5 1 5 2 5 3 5 4 5 5 5
180 30 20
0 0 1 0 2 0 3 0 4 0 5 0 0 1 5 1 0 2 5 2 0 3 5 3 0 4 5 4 0 5 1 5 2 5 3 5 4 5 5 5
181 96 10
0 0 1 0 2 0 3 0 0 1 1 1 2 1 0 2 1 2 0 3
182 12 20
0 0 1 0 2 0 3 0 4 0 5 0 0 1 5 1 0 2 5 2 0 3 5 3 0 4 5 4 0 5 1 5 2 5 3 5 4 5 5 5
183 24 10
0 0 1 0 2 0 3 0 2 1 0 2 1 2 2 2 0 3 0 4
184 9 20
0 0 1 0 2 0 3 0 4 0 5 0 0 1 5 1 0 2 5 2 0 3 5 3 0 4 5 4 0 5 1 5 2 5 3 5 4 5 5 5
185 36 20
0 0 1 0 2 0 3 0 4 0 5 0 0 1 5 1 0 2 5 2 0 3 5 3 0 4 5 4 0 5 1 5 2 5 3 5 4 5 5 5
186 70 12
0 0 1 0 2 0 3 0 0 1 0 2 1 2 0 3 0 4 0 5 1 5 2 5
187 27 12
0 0 1 0 2 0 3 0 0 1 0 2 1 2 0 3 0 4 0 5 1 5 2 5
188 36 20
0 0 1 0 2 0 3 0 4 0 5 0 0 1 5 1 0 2 5 2 0 3 5 3 0 4 5 4 0 5 1 5 2 5 3 5 4 5 5 5
189 48 12
0 0 1 0 2 0 3 0 0 1 0 2 1 2 0 3 0 4 0 5 1 5 2 5
190 12 7
0 0 0 1 0 2 0 3 1 3 2 3 3 3
191 72 20
0 0 1 0 2 0 3 0 4 0 5 0 0 1 5 1 0 2 5 2 0 3 5 3 0 4 5 4 0 5 1 5 2 5 3 5 4 5 5 5
192 49 10
0 0 1 0 2 0 3 0 0 1 1 1 2 1 0 2 1 2 0 3
193 70 10
0 0 1 0 2 0 3 0 0 1 1 1 2 1 0 2 1 2 0 3
194 16 7
0 0 0 1 0 2 0 3 1 3 2 3 3 3
195 77 20
0 0 1 0 2 0 3 0 4 0 5 0 0 1 5 1 0 2 5 2 0 3 5 3 0 4 5 4 0 5 1 5 2 5 3 5 4 5 5 5
196 42 20
0 0 1 0 2 0 3 0 4 0 5 0 0 1 5 1 0 2 5 2 0 3 5 3 0 4 5 4 0 5 1 5 2 5 3 5 4 5 5 5
197 24 7
0 0 0 1 0 2 0 3 1 3 2 3 3 3
198 45 6
2 0 1 1 2 1 0 2 1 2 2 2
199 42 10
0 0 1 0 2 0 3 0 0 1 1 1 2 1 0 2 1 2 0 3
200 48 20
0 0 1 0 2 0 3 0 4 0 5 0 0 1 5 1 0 2 5 2 0 3 5 3 0 4 5 4 0 5 1 5 2 5 3 5 4 5 5 5
201 30 6
2 0 1 1 2 1 0 2 1 2 2 2
202 55 20
0 0 1 0 2 0 3 0 4 0 5 0 0 1 5 1 0 2 5 2 0 3 5 3 0 4 5 4 0 5 1 5 2 5 3 5 4 5 5 5
203 40 10
0 0 1 0 2 0 3 0 2 1 0 2 1 2 2 2 0 3 0 4
204 18 12
0 0 1 0 2 0 3 0 0 1 0 2 1 2 0 3 0 4 0 5 1 5 2 5
205 40 20
0 0 1 0 2 0 3 0 4 0 5 0 0 1 5 1 0 2 5 2 0 3 5 3 0 4 5 4 0 5 1 5 2 5 3 5 4 5 5 5
206 18 20
0 0 1 0 2 0 3 0 4 0 5 0 0 1 5 1 0 2 5 2 0 3 5 3 0 4 5 4 0 5 1 5 2 5 3 5 4 5 5 5
207 35 7
0 0 0 1 0 2 0 3 1 3 2 3 3 3
208 70 10
0 0 1 0 2 0 3 0 2 1 0 2 1 2 2 2 0 3 0 4
209 24 10
0 0 1 0 2 0 3 0 2 1 0 2 1 2 2 2 0 3 0 4
210 28 12
0 0 1 0 2 0 3 0 0 1 0 2 1 2 0 3 0 4 0 5 1 5 2 5
211 36 10
0 0 1 0 2 0 3 0 2 1 0 2 1 2 2 2 0 3 0 4
212 50 6
2 0 1 1 2 1 0 2 1 2 2 2
213 42 6
2 0 1 1 2 1 0 2 1 2 2 2
214 24 6
2 0 1 1 2 1 0 2 1 2 2 2
215 42 6
2 0 1 1 2 1 0 2 1 2 2 2
216 48 20
0 0 1 0 2 0 3 0 4 0 5 0 0 1 5 1 0 2 5 2 0 3 5 3 0 4 5 4 0 5 1 5 2 5 3 5 4 5 5 5
217 24 6
2 0 1 1 2 1 0 2 1 2 2 2
218 30 12
0 0 1 0 2 0 3 0 0 1 0 2 1 2 0 3 0 4 0 5 1 5 2 5
219 18 6
2 0 1 1 2 1 0 2 1 2 2 2
220 15 6
2 0 1 1 2 1 0 2 1 2 2 2
221 36 10
0 0 1 0 2 0 3 0 2 1 0 2 1 2 2 2 0 3 0 4
222 40 6
2 0 1 1 2 1 0 2 1 2 2 2
223 40 12
0 0 1 0 2 0 3 0 0 1 0 2 1 2 0 3 0 4 0 5 1 5 2 5
224 18 20
0 0 1 0 2 0 3 0 4 0 5 0 0 1 5 1 0 2 5 2 0 3 5 3 0 4 5 4 0 5 1 5 2 5 3 5 4 5 5 5
225 30 12
0 0 1 0 2 0 3 0 0 1 0 2 1 2 0 3 0 4 0 5 1 5 2 5
226 30 12
0 0 1 0 2 0 3 0 0 1 0 2 1 2 0 3 0 4 0 5 1 5 2 5
227 63 10
0 0 1 0 2 0 3 0 2 1 0 2 1 2 2 2 0 3 0 4
228 24 10
0 0 1 0 2 0 3 0 0 1 1 1 2 1 0 2 1 2 0 3
229 35 6
2 0 1 1 2 1 0 2 1 2 2 2
230 35 20
0 0 1 0 2 0 3 0 4 0 5 0 0 1 5 1 0 2 5 2 0 3 5 3 0 4 5 4 0 5 1 5 2 5 3 5 4 5 5 5
231 60 6
2 0 1 1 2 1 0 2 1 2 2 2
232 63 20
0 0 1 0 2 0 3 0 4 0 5 0 0 1 5 1 0 2 5 2 0 3 5 3 0 4 5 4 0 5 1 5 2 5 3 5 4 5 5 5
233 56 20
0 0 1 0 2 0 3 0 4 0 5 0 0 1 5 1 0 2 5 2 0 3 5 3 0 4 5 4 0 5 1 5 2 5 3 5 4 5 5 5
234 42 6
2 0 1 1 2 1 0 2 1 2 2 2
235 24 10
0 0 1 0 2 0 3 0 2 1 0 2 1 2 2 2 0 3 0 4
236 72 6
2 0 1 1 2 1 0 2 1 2 2 2
237 25 10
0 0 1 0 2 0 3 0 2 1 0 2 1 2 2 2 0 3 0 4
238 24 10
0 0 1 0 2 0 3 0 2 1 0 2 1 2 2 2 0 3 0 4
239 36 6
2 0 1 1 2 1 0 2 1 2 2 2
240 66 6
2 0 1 1 2 1 0 2 1 2 2 2
241 32 12
0 0 1 0 2 0 3 0 0 1 0 2 1 2 0 3 0 4 0 5 1 5 2 5
242 40 12
0 0 1 0 2 0 3 0 0 1 0 2 1 2 0 3 0 4 0 5 1 5 2 5
243 20 12
0 0 1 0 2 0 3 0 0 1 0 2 1 2 0 3 0 4 0 5 1 5 2 5
244 15 12
0 0 1 0 2 0 3 0 0 1 0 2 1 2 0 3 0 4 0 5 1 5 2 5
245 35 6
2 0 1 1 2 1 0 2 1 2 2 2
246 33 6
2 0 1 1 2 1 0 2 1 2 2 2
247 32 6
2 0 1 1 2 1 0 2 1 2 2 2
248 12 7
0 0 0 1 0 2 0 3 1 3 2 3 3 3
249 42 6
2 0 1 1 2 1 0 2 1 2 2 2
250 72 7
0 0 0 1 0 2 0 3 1 3 2 3 3 3
251 28 20
0 0 1 0 2 0 3 0 4 0 5 0 0 1 5 1 0 2 5 2 0 3 5 3 0 4 5 4 0 5 1 5 2 5 3 5 4 5 5 5
252 48 10
0 0 1 0 2 0 3 0 2 1 0 2 1 2 2 2 0 3 0 4
253 28 7
0 0 0 1 0 2 0 3 1 3 2 3 3 3
254 63 12
0 0 1 0 2 0 3 0 0 1 0 2 1 2 0 3 0 4 0 5 1 5 2 5
255 60 12
0 0 1 0 2 0 3 0 0 1 0 2 1 2 0 3 0 4 0 5 1 5 2 5
256 25 12
0 0 1 0 2 0 3 0 0 1 0 2 1 2 0 3 0 4 0 5 1 5 2 5
257 24 20
0 0 1 0 2 0 3 0 4 0 5 0 0 1 5 1 0 2 5 2 0 3 5 3 0 4 5 4 0 5 1 5 2 5 3 5 4 5 5 5
258 84 12
0 0 1 0 2 0 3 0 0 1 0 2 1 2 0 3 0 4 0 5 1 5 2 5
259 45 20
0 0 1 0 2 0 3 0 4 0 5 0 0 1 5 1 0 2 5 2 0 3 5 3 0 4 5 4 0 5 1 5 2 5 3 5 4 5 5 5
260 63 10
0 0 1 0 2 0 3 0 0 1 1 1 2 1 0 2 1 2 0 3
261 33 10
0 0 1 0 2 0 3 0 2 1 0 2 1 2 2 2 0 3 0 4
262 63 20
0 0 1 0 2 0 3 0 4 0 5 0 0 1 5 1 0 2 5 2 0 3 5 3 0 4 5 4 0 5 1 5 2 5 3 5 4 5 5 5
263 72 20
0 0 1 0 2 0 3 0 4 0 5 0 0 1 5 1 0 2 5 2 0 3 5 3 0 4 5 4 0 5 1 5 2 5 3 5 4 5 5 5
264 28 20
0 0 1 0 2 0 3 0 4 0 5 0 0 1 5 1 0 2 5 2 0 3 5 3 0 4 5 4 0 5 1 5 2 5 3 5 4 5 5 5
265 72 10
0 0 1 0 2 0 3 0 0 1 1 1 2 1 0 2 1 2 0 3
266 35 20
0 0 1 0 2 0 3 0 4 0 5 0 0 1 5 1 0 2 5 2 0 3 5 3 0 4 5 4 0 5 1 5 2 5 3 5 4 5 5 5
267 9 20
0 0 1 0 2 0 3 0 4 0 5 0 0 1 5 1 0 2 5 2 0 3 5 3 0 4 5 4 0 5 1 5 2 5 3 5 4 5 5 5
268 48 6
2 0 1 1 2 1 0 2 1 2 2 2
269 36 6
2 0 1 1 2 1 0 2 1 2 2 2
270 24 7
0 0 0 1 0 2 0 3 1 3 2 3 3 3
271 40 12
0 0 1 0 2 0 3 0 0 1 0 2 1 2 0 3 0 4 0 5 1 5 2 5
272 20 10
0 0 1 0 2 0 3 0 2 1 0 2 1 2 2 2 0 3 0 4
273 60 6
2 0 1 1 2 1 0 2 1 2 2 2
274 60 6
2 0 1 1 2 1 0 2 1 2 2 2
275 25 20
0 0 1 0 2 0 3 0 4 0 5 0 0 1 5 1 0 2 5 2 0 3 5 3 0 4 5 4 0 5 1 5 2 5 3 5 4 5 5 5
276 30 20
0 0 1 0 2 0 3 0 4 0 5 0 0 1 5 1 0 2 5 2 0 3 5 3 0 4 5 4 0 5 1 5 2 5 3 5 4 5 5 5
277 16 10
0 0 1 0 2 0 3 0 2 1 0 2 1 2 2 2 0 3 0 4
278 42 12
0 0 1 0 2 0 3 0 0 1 0 2 1 2 0 3 0 4 0 5 1 5 2 5
279 24 7
0 0 0 1 0 2 0 3 1 3 2 3 3 3
280 9 10
0 0 1 0 2 0 3 0 2 1 0 2 1 2 2 2 0 3 0 4
281 55 12
0 0 1 0 2 0 3 0 0 1 0 2 1 2 0 3 0 4 0 5 1 5 2 5
282 42 10
0 0 1 0 2 0 3 0 2 1 0 2 1 2 2 2 0 3 0 4
283 48 6
2 0 1 1 2 1 0 2 1 2 2 2
284 50 10
0 0 1 0 2 0 3 0 2 1 0 2 1 2 2 2 0 3 0 4
285 12 6
2 0 1 1 2 1 0 2 1 2 2 2
286 30 10
0 0 1 0 2 0 3 0 2 1 0 2 1 2 2 2 0 3 0 4
287 24 10
0 0 1 0 2 0 3 0 0 1 1 1 2 1 0 2 1 2 0 3
288 56 7
0 0 0 1 0 2 0 3 1 3 2 3 3 3
289 96 6
2 0 1 1 2 1 0 2 1 2 2 2
290 32 12
0 0 1 0 2 0 3 0 0 1 0 2 1 2 0 3 0 4 0 5 1 5 2 5
291 36 10
0 0 1 0 2 0 3 0 0 1 1 1 2 1 0 2 1 2 0 3
292 30 20
0 0 1 0 2 0 3 0 4 0 5 0 0 1 5 1 0 2 5 2 0 3 5 3 0 4 5 4 0 5 1 5 2 5 3 5 4 5 5 5
293 55 10
0 0 1 0 2 0 3 0 2 1 0 2 1 2 2 2 0 3 0 4
294 45 12
0 0 1 0 2 0 3 0 0 1 0 2 1 2 0 3 0 4 0 5 1 5 2 5
295 56 6
2 0 1 1 2 1 0 2 1 2 2 2
296 12 20
0 0 1 0 2 0 3 0 4 0 5 0 0 1 5 1 0 2 5 2 0 3 5 3 0 4 5 4 0 5 1 5 2 5 3 5 4 5 5 5
297 33 7
0 0 0 1 0 2 0 3 1 3 2 3 3 3
298 27 7
0 0 0 1 0 2 0 3 1 3 2 3 3 3
299 18 12
0 0 1 0 2 0 3 0 0 1 0 2 1 2 0 3 0 4 0 5 1 5 2 5
300 70 7
0 0 0 1 0 2 0 3 1 3 2 3 3 3
301 60 6
2 0 1 1 2 1 0 2 1 2 2 2
302 66 20
0 0 1 0 2 0 3 0 4 0 5 0 0 1 5 1 0 2 5 2 0 3 5 3 0 4 5 4 0 5 1 5 2 5 3 5 4 5 5 5
303 36 12
0 0 1 0 2 0 3 0 0 1 0 2 1 2 0 3 0 4 0 5 1 5 2 5
304 60 20
0 0 1 0 2 0 3 0 4 0 5 0 0 1 5 1 0 2 5 2 0 3 5 3 0 4 5 4 0 5 1 5 2 5 3 5 4 5 5 5
305 24 6
2 0 1 1 2 1 0 2 1 2 2 2
306 27 7
0 0 0 1 0 2 0 3 1 3 2 3 3 3
307 96 20
0 0 1 0 2 0 3 0 4 0 5 0 0 1 5 1 0 2 5 2 0 3 5 3 0 4 5 4 0 5 1 5 2 5 3 5 4 5 5 5
308 56 20
0 0 1 0 2 0 3 0 4 0 5 0 0 1 5 1 0 2 5 2 0 3 5 3 0 4 5 4 0 5 1 5 2 5 3 5 4 5 5 5
309 30 10
0 0 1 0 2 0 3 0 0 1 1 1 2 1 0 2 1 2 0 3
310 12 7
0 0 0 1 0 2 0 3 1 3 2 3 3 3
311 36 7
0 0 0 1 0 2 0 3 1 3 2 3 3 3
312 55 20
0 0 1 0 2 0 3 0 4 0 5 0 0 1 5 1 0 2 5 2 0 3 5 3 0 4 5 4 0 5 1 5 2 5 3 5 4 5 5 5
313 50 12
0 0 1 0 2 0 3 0 0 1 0 2 1 2 0 3 0 4 0 5 1 5 2 5
314 44 6
2 0 1 1 2 1 0 2 1 2 2 2
315 32 12
0 0 1 0 2 0 3 0 0 1 0 2 1 2 0 3 0 4 0 5 1 5 2 5
316 12 7
0 0 0 1 0 2 0 3 1 3 2 3 3 3
317 35 10
0 0 1 0 2 0 3 0 2 1 0 2 1 2 2 2 0 3 0 4
318 70 10
0 0 1 0 2 0 3 0 0 1 1 1 2 1 0 2 1 2 0 3
319 25 20
0 0 1 0 2 0 3 0 4 0 5 0 0 1 5 1 0 2 5 2 0 3 5 3 0 4 5 4 0 5 1 5 2 5 3 5 4 5 5 5
320 35 20
0 0 1 0 2 0 3 0 4 0 5 0 0 1 5 1 0 2 5 2 0 3 5 3 0 4 5 4 0 5 1 5 2 5 3 5 4 5 5 5
321 50 12
0 0 1 0 2 0 3 0 0 1 0 2 1 2 0 3 0 4 0 5 1 5 2 5
322 24 12
0 0 1 0 2 0 3 0 0 1 0 2 1 2 0 3 0 4 0 5 1 5 2 5
323 9 20
0 0 1 0 2 0 3 0 4 0 5 0 0 1 5 1 0 2 5 2 0 3 5 3 0 4 5 4 0 5 1 5 2 5 3 5 4 5 5 5
324 40 7
0 0 0 1 0 2 0 3 1 3 2 3 3 3
325 24 6
2 0 1 1 2 1 0 2 1 2 2 2
326 9 6
2 0 1 1 2 1 0 2 1 2 2 2
327 36 20
0 0 1 0 2 0 3 0 4 0 5 0 0 1 5 1 0 2 5 2 0 3 5 3 0 4 5 4 0 5 1 5 2 5 3 5 4 5 5 5
328 72 10
0 0 1 0 2 0 3 0 0 1 1 1 2 1 0 2 1 2 0 3
329 70 10
0 0 1 0 2 0 3 0 0 1 1 1 2 1 0 2 1 2 0 3
330 48 6
2 0 1 1 2 1 0 2 1 2 2 2
331 35 10
0 0 1 0 2 0 3 0 0 1 1 1 2 1 0 2 1 2 0 3
332 96 7
0 0 0 1 0 2 0 3 1 3 2 3 3 3
333 36 7
0 0 0 1 0 2 0 3 1 3 2 3 3 3
334 70 7
0 0 0 1 0 2 0 3 1 3 2 3 3 3
335 45 20
0 0 1 0 2 0 3 0 4 0 5 0 0 1 5 1 0 2 5 2 0 3 5 3 0 4 5 4 0 5 1 5 2 5 3 5 4 5 5 5
336 24 10
0 0 1 0 2 0 3 0 0 1 1 1 2 1 0 2 1 2 0 3
337 16 7
0 0 0 1 0 2 0 3 1 3 2 3 3 3
338 60 6
2 0 1 1 2 1 0 2 1 2 2 2
339 20 7
0 0 0 1 0 2 0 3 1 3 2 3 3 3
340 16 20
0 0 1 0 2 0 3 0 4 0 5 0 0 1 5 1 0 2 5 2 0 3 5 3 0 4 5 4 0 5 1 5 2 5 3 5 4 5 5 5
341 84 10
0 0 1 0 2 0 3 0 0 1 1 1 2 1 0 2 1 2 0 3
342 27 10
0 0 1 0 2 0 3 0 2 1 0 2 1 2 2 2 0 3 0 4
343 18 10
0 0 1 0 2 0 3 0 0 1 1 1 2 1 0 2 1 2 0 3
344 80 10
0 0 1 0 2 0 3 0 0 1 1 1 2 1 0 2 1 2 0 3
345 30 6
2 0 1 1 2 1 0 2 1 2 2 2
346 72 7
0 0 0 1 0 2 0 3 1 3 2 3 3 3
347 56 10
0 0 1 0 2 0 3 0 0 1 1 1 2 1 0 2 1 2 0 3
348 48 6
2 0 1 1 2 1 0 2 1 2 2 2
349 18 10
0 0 1 0 2 0 3 0 2 1 0 2 1 2 2 2 0 3 0 4
350 32 7
0 0 0 1 0 2 0 3 1 3 2 3 3 3
351 55 20
0 0 1 0 2 0 3 0 4 0 5 0 0 1 5 1 0 2 5 2 0 3 5 3 0 4 5 4 0 5 1 5 2 5 3 5 4 5 5 5
352 40 10
0 0 1 0 2 0 3 0 2 1 0 2 1 2 2 2 0 3 0 4
353 66 10
0 0 1 0 2 0 3 0 2 1 0 2 1 2 2 2 0 3 0 4
354 36 20
0 0 1 0 2 0 3 0 4 0 5 0 0 1 5 1 0 2 5 2 0 3 5 3 0 4 5 4 0 5 1 5 2 5 3 5 4 5 5 5
355 36 10
0 0 1 0 2 0 3 0 0 1 1 1 2 1 0 2 1 2 0 3
356 42 10
0 0 1 0 2 0 3 0 0 1 1 1 2 1 0 2 1 2 0 3
357 30 10
0 0 1 0 2 0 3 0 2 1 0 2 1 2 2 2 0 3 0 4
358 20 10
0 0 1 0 2 0 3 0 0 1 1 1 2 1 0 2 1 2 0 3
359 80 10
0 0 1 0 2 0 3 0 2 1 0 2 1 2 2 2 0 3 0 4
360 64 20
0 0 1 0 2 0 3 0 4 0 5 0 0 1 5 1 0 2 5 2 0 3 5 3 0 4 5 4 0 5 1 5 2 5 3 5 4 5 5 5
361 9 12
0 0 1 0 2 0 3 0 0 1 0 2 1 2 0 3 0 4 0 5 1 5 2 5
362 42 6
2 0 1 1 2 1 0 2 1 2 2 2
363 84 20
0 0 1 0 2 0 3 0 4 0 5 0 0 1 5 1 0 2 5 2 0 3 5 3 0 4 5 4 0 5 1 5 2 5 3 5 4 5 5 5
364 28 10
0 0 1 0 2 0 3 0 2 1 0 2 1 2 2 2 0 3 0 4
365 21 10
0 0 1 0 2 0 3 0 0 1 1 1 2 1 0 2 1 2 0 3
366 64 20
0 0 1 0 2 0 3 0 4 0 5 0 0 1 5 1 0 2 5 2 0 3 5 3 0 4 5 4 0 5 1 5 2 5 3 5 4 5 5 5
367 66 6
2 0 1 1 2 1 0 2 1 2 2 2
368 49 7
0 0 0 1 0 2 0 3 1 3 2 3 3 3
369 42 6
2 0 1 1 2 1 0 2 1 2 2 2
370 49 10
0 0 1 0 2 0 3 0 0 1 1 1 2 1 0 2 1 2 0 3
371 24 12
0 0 1 0 2 0 3 0 0 1 0 2 1 2 0 3 0 4 0 5 1 5 2 5
372 30 6
2 0 1 1 2 1 0 2 1 2 2 2
373 9 10
0 0 1 0 2 0 3 0 2 1 0 2 1 2 2 2 0 3 0 4
374 24 10
0 0 1 0 2 0 3 0 0 1 1 1 2 1 0 2 1 2 0 3
375 77 7
0 0 0 1 0 2 0 3 1 3 2 3 3 3
376 35 6
2 0 1 1 2 1 0 2 1 2 2 2
377 20 20
0 0 1 0 2 0 3 0 4 0 5 0 0 1 5 1 0 2 5 2 0 3 5 3 0 4 5 4 0 5 1 5 2 5 3 5 4 5 5 5
378 12 20
0 0 1 0 2 0 3 0 4 0 5 0 0 1 5 1 0 2 5 2 0 3 5 3 0 4 5 4 0 5 1 5 2 5 3 5 4 5 5 5
379 15 12
0 0 1 0 2 0 3 0 0 1 0 2 1 2 0 3 0 4 0 5 1 5 2 5
380 15 20
0 0 1 0 2 0 3 0 4 0 5 0 0 1 5 1 0 2 5 2 0 3 5 3 0 4 5 4 0 5 1 5 2 5 3 5 4 5 5 5
381 45 12
0 0 1 0 2 0 3 0 0 1 0 2 1 2 0 3 0 4 0 5 1 5 2 5
382 24 20
0 0 1 0 2 0 3 0 4 0 5 0 0 1 5 1 0 2 5 2 0 3 5 3 0 4 5 4 0 5 1 5 2 5 3 5 4 5 5 5
383 27 7
0 0 0 1 0 2 0 3 1 3 2 3 3 3
384 49 7
0 0 0 1 0 2 0 3 1 3 2 3 3 3
385 15 10
0 0 1 0 2 0 3 0 0 1 1 1 2 1 0 2 1 2 0 3
386 24 10
0 0 1 0 2 0 3 0 0 1 1 1 2 1 0 2 1 2 0 3
387 36 20
0 0 1 0 2 0 3 0 4 0 5 0 0 1 5 1 0 2 5 2 0 3 5 3 0 4 5 4 0 5 1 5 2 5 3 5 4 5 5 5
388 88 12
0 0 1 0 2 0 3 0 0 1 0 2 1 2 0 3 0 4 0 5 1 5 2 5
389 48 20
0 0 1 0 2 0 3 0 4 0 5 0 0 1 5 1 0 2 5 2 0 3 5 3 0 4 5 4 0 5 1 5 2 5 3 5 4 5 5 5
390 18 20
0 0 1 0 2 0 3 0 4 0 5 0 0 1 5 1 0 2 5 2 0 3 5 3 0 4 5 4 0 5 1 5 2 5 3 5 4 5 5 5
391 72 10
0 0 1 0 2 0 3 0 2 1 0 2 1 2 2 2 0 3 0 4
392 84 10
0 0 1 0 2 0 3 0 0 1 1 1 2 1 0 2 1 2 0 3
393 45 7
0 0 0 1 0 2 0 3 1 3 2 3 3 3
394 33 6
2 0 1 1 2 1 0 2 1 2 2 2
395 56 20
0 0 1 0 2 0 3 0 4 0 5 0 0 1 5 1 0 2 5 2 0 3 5 3 0 4 5 4 0 5 1 5 2 5 3 5 4 5 5 5
396 40 20
0 0 1 0 2 0 3 0 4 0 5 0 0 1 5 1 0 2 5 2 0 3 5 3 0 4 5 4 0 5 1 5 2 5 3 5 4 5 5 5
397 12 20
0 0 1 0 2 0 3 0 4 0 5 0 0 1 5 1 0 2 5 2 0 3 5 3 0 4 5 4 0 5 1 5 2 5 3 5 4 5 5 5
398 96 12
0 0 1 0 2 0 3 0 0 1 0 2 1 2 0 3 0 4 0 5 1 5 2 5
399 36 12
0 0 1 0 2 0 3 0 0 1 0 2 1 2 0 3 0 4 0 5 1 5 2 5
400 27 7
0 0 0 1 0 2 0 3 1 3 2 3 3 3
401 36 7
0 0 0 1 0 2 0 3 1 3 2 3 3 3
402 21 6
2 0 1 1 2 1 0 2 1 2 2 2
403 63 7
0 0 0 1 0 2 0 3 1 3 2 3 3 3
404 21 12
0 0 1 0 2 0 3 0 0 1 0 2 1 2 0 3 0 4 0 5 1 5 2 5
405 35 20
0 0 1 0 2 0 3 0 4 0 5 0 0 1 5 1 0 2 5 2 0 3 5 3 0 4 5 4 0 5 1 5 2 5 3 5 4 5 5 5
406 49 20
0 0 1 0 2 0 3 0 4 0 5 0 0 1 5 1 0 2 5 2 0 3 5 3 0 4 5 4 0 5 1 5 2 5 3 5 4 5 5 5
407 84 10
0 0 1 0 2 0 3 0 2 1 0 2 1 2 2 2 0 3 0 4
408 88 10
0 0 1 0 2 0 3 0 0 1 1 1 2 1 0 2 1 2 0 3
409 28 12
0 0 1 0 2 0 3 0 0 1 0 2 1 2 0 3 0 4 0 5 1 5 2 5
410 50 12
0 0 1 0 2 0 3 0 0 1 0 2 1 2 0 3 0 4 0 5 1 5 2 5
411 30 12
0 0 1 0 2 0 3 0 0 1 0 2 1 2 0 3 0 4 0 5 1 5 2 5
412 24 7
0 0 0 1 0 2 0 3 1 3 2 3 3 3
413 56 20
0 0 1 0 2 0 3 0 4 0 5 0 0 1 5 1 0 2 5 2 0 3 5 3 0 4 5 4 0 5 1 5 2 5 3 5 4 5 5 5
414 16 10
0 0 1 0 2 0 3 0 0 1 1 1 2 1 0 2 1 2 0 3
415 54 10
0 0 1 0 2 0 3 0 2 1 0 2 1 2 2 2 0 3 0 4
416 12 20
0 0 1 0 2 0 3 0 4 0 5 0 0 1 5 1 0 2 5 2 0 3 5 3 0 4 5 4 0 5 1 5 2 5 3 5 4 5 5 5
417 72 10
0 0 1 0 2 0 3 0 2 1 0 2 1 2 2 2 0 3 0 4
418 48 20
0 0 1 0 2 0 3 0 4 0 5 0 0 1 5 1 0 2 5 2 0 3 5 3 0 4 5 4 0 5 1 5 2 5 3 5 4 5 5 5
419 25 20
0 0 1 0 2 0 3 0 4 0 5 0 0 1 5 1 0 2 5 2 0 3 5 3 0 4 5 4 0 5 1 5 2 5 3 5 4 5 5 5
420 54 20
0 0 1 0 2 0 3 0 4 0 5 0 0 1 5 1 0 2 5 2 0 3 5 3 0 4 5 4 0 5 1 5 2 5 3 5 4 5 5 5
421 18 6
2 0 1 1 2 1 0 2 1 2 2 2
422 96 7
0 0 0 1 0 2 0 3 1 3 2 3 3 3
423 77 20
0 0 1 0 2 0 3 0 4 0 5 0 0 1 5 1 0 2 5 2 0 3 5 3 0 4 5 4 0 5 1 5 2 5 3 5 4 5 5 5
424 42 12
0 0 1 0 2 0 3 0 0 1 0 2 1 2 0 3 0 4 0 5 1 5 2 5
425 35 10
0 0 1 0 2 0 3 0 0 1 1 1 2 1 0 2 1 2 0 3
426 42 20
0 0 1 0 2 0 3 0 4 0 5 0 0 1 5 1 0 2 5 2 0 3 5 3 0 4 5 4 0 5 1 5 2 5 3 5 4 5 5 5
427 60 6
2 0 1 1 2 1 0 2 1 2 2 2
428 15 7
0 0 0 1 0 2 0 3 1 3 2 3 3 3
429 28 20
0 0 1 0 2 0 3 0 4 0 5 0 0 1 5 1 0 2 5 2 0 3 5 3 0 4 5 4 0 5 1 5 2 5 3 5 4 5 5 5
430 56 10
0 0 1 0 2 0 3 0 2 1 0 2 1 2 2 2 0 3 0 4
431 66 10
0 0 1 0 2 0 3 0 0 1 1 1 2 1 0 2 1 2 0 3
432 63 6
2 0 1 1 2 1 0 2 1 2 2 2
433 35 10
0 0 1 0 2 0 3 0 0 1 1 1 2 1 0 2 1 2 0 3
434 66 12
0 0 1 0 2 0 3 0 0 1 0 2 1 2 0 3 0 4 0 5 1 5 2 5
435 48 10
0 0 1 0 2 0 3 0 0 1 1 1 2 1 0 2 1 2 0 3
436 77 7
0 0 0 1 0 2 0 3 1 3 2 3 3 3
437 40 7
0 0 0 1 0 2 0 3 1 3 2 3 3 3
438 28 10
0 0 1 0 2 0 3 0 2 1 0 2 1 2 2 2 0 3 0 4
439 56 7
0 0 0 1 0 2 0 3 1 3 2 3 3 3
440 72 20
0 0 1 0 2 0 3 0 4 0 5 0 0 1 5 1 0 2 5 2 0 3 5 3 0 4 5 4 0 5 1 5 2 5 3 5 4 5 5 5
441 15 6
2 0 1 1 2 1 0 2 1 2 2 2
442 30 6
2 0 1 1 2 1 0 2 1 2 2 2
443 48 7
0 0 0 1 0 2 0 3 1 3 2 3 3 3
444 56 20
0 0 1 0 2 0 3 0 4 0 5 0 0 1 5 1 0 2 5 2 0 3 5 3 0 4 5 4 0 5 1 5 2 5 3 5 4 5 5 5
445 77 7
0 0 0 1 0 2 0 3 1 3 2 3 3 3
446 63 10
0 0 1 0 2 0 3 0 0 1 1 1 2 1 0 2 1 2 0 3
447 21 10
0 0 1 0 2 0 3 0 2 1 0 2 1 2 2 2 0 3 0 4
448 30 6
2 0 1 1 2 1 0 2 1 2 2 2
449 35 6
2 0 1 1 2 1 0 2 1 2 2 2
450 24 20
0 0 1 0 2 0 3 0 4 0 5 0 0 1 5 1 0 2 5 2 0 3 5 3 0 4 5 4 0 5 1 5 2 5 3 5 4 5 5 5
451 48 10
0 0 1 0 2 0 3 0 2 1 0 2 1 2 2 2 0 3 0 4
452 24 20
0 0 1 0 2 0 3 0 4 0 5 0 0 1 5 1 0 2 5 2 0 3 5 3 0 4 5 4 0 5 1 5 2 5 3 5 4 5 5 5
453 21 6
2 0 1 1 2 1 0 2 1 2 2 2
454 15 6
2 0 1 1 2 1 0 2 1 2 2 2
455 27 12
0 0 1 0 2 0 3 0 0 1 0 2 1 2 0 3 0 4 0 5 1 5 2 5
456 24 6
2 0 1 1 2 1 0 2 1 2 2 2
457 32 7
0 0 0 1 0 2 0 3 1 3 2 3 3 3
458 40 7
0 0 0 1 0 2 0 3 1 3 2 3 3 3
459 72 6
2 0 1 1 2 1 0 2 1 2 2 2
460 24 7
0 0 0 1 0 2 0 3 1 3 2 3 3 3
461 49 10
0 0 1 0 2 0 3 0 0 1 1 1 2 1 0 2 1 2 0 3
462 18 6
2 0 1 1 2 1 0 2 1 2 2 2
463 96 10
0 0 1 0 2 0 3 0 2 1 0 2 1 2 2 2 0 3 0 4
464 48 10
0 0 1 0 2 0 3 0 0 1 1 1 2 1 0 2 1 2 0 3
465 32 10
0 0 1 0 2 0 3 0 0 1 1 1 2 1 0 2 1 2 0 3
466 20 20
0 0 1 0 2 0 3 0 4 0 5 0 0 1 5 1 0 2 5 2 0 3 5 3 0 4 5 4 0 5 1 5 2 5 3 5 4 5 5 5
467 40 20
0 0 1 0 2 0 3 0 4 0 5 0 0 1 5 1 0 2 5 2 0 3 5 3 0 4 5 4 0 5 1 5 2 5 3 5 4 5 5 5
468 12 20
0 0 1 0 2 0 3 0 4 0 5 0 0 1 5 1 0 2 5 2 0 3 5 3 0 4 5 4 0 5 1 5 2 5 3 5 4 5 5 5
469 48 10
0 0 1 0 2 0 3 0 0 1 1 1 2 1 0 2 1 2 0 3
470 50 6
2 0 1 1 2 1 0 2 1 2 2 2
471 16 6
2 0 1 1 2 1 0 2 1 2 2 2
472 66 6
2 0 1 1 2 1 0 2 1 2 2 2
473 20 7
0 0 0 1 0 2 0 3 1 3 2 3 3 3
474 40 10
0 0 1 0 2 0 3 0 0 1 1 1 2 1 0 2 1 2 0 3
475 28 10
0 0 1 0 2 0 3 0 0 1 1 1 2 1 0 2 1 2 0 3
476 50 10
0 0 1 0 2 0 3 0 2 1 0 2 1 2 2 2 0 3 0 4
477 18 12
0 0 1 0 2 0 3 0 0 1 0 2 1 2 0 3 0 4 0 5 1 5 2 5
478 12 7
0 0 0 1 0 2 0 3 1 3 2 3 3 3
479 33 20
0 0 1 0 2 0 3 0 4 0 5 0 0 1 5 1 0 2 5 2 0 3 5 3 0 4 5 4 0 5 1 5 2 5 3 5 4 5 5 5
480 40 10
0 0 1 0 2 0 3 0 0 1 1 1 2 1 0 2 1 2 0 3
481 21 12
0 0 1 0 2 0 3 0 0 1 0 2 1 2 0 3 0 4 0 5 1 5 2 5
482 56 6
2 0 1 1 2 1 0 2 1 2 2 2
483 48 20
0 0 1 0 2 0 3 0 4 0 5 0 0 1 5 1 0 2 5 2 0 3 5 3 0 4 5 4 0 5 1 5 2 5 3 5 4 5 5 5
484 32 20
0 0 1 0 2 0 3 0 4 0 5 0 0 1 5 1 0 2 5 2 0 3 5 3 0 4 5 4 0 5 1 5 2 5 3 5 4 5 5 5
485 40 7
0 0 0 1 0 2 0 3 1 3 2 3 3 3
486 36 10
0 0 1 0 2 0 3 0 0 1 1 1 2 1 0 2 1 2 0 3
487 64 20
0 0 1 0 2 0 3 0 4 0 5 0 0 1 5 1 0 2 5 2 0 3 5 3 0 4 5 4 0 5 1 5 2 5 3 5 4 5 5 5
488 40 6
2 0 1 1 2 1 0 2 1 2 2 2
489 63 10
0 0 1 0 2 0 3 0 0 1 1 1 2 1 0 2 1 2 0 3
490 24 20
0 0 1 0 2 0 3 0 4 0 5 0 0 1 5 1 0 2 5 2 0 3 5 3 0 4 5 4 0 5 1 5 2 5 3 5 4 5 5 5
491 24 7
0 0 0 1 0 2 0 3 1 3 2 3 3 3
492 63 10
0 0 1 0 2 0 3 0 2 1 0 2 1 2 2 2 0 3 0 4
493 24 10
0 0 1 0 2 0 3 0 2 1 0 2 1 2 2 2 0 3 0 4
494 12 10
0 0 1 0 2 0 3 0 0 1 1 1 2 1 0 2 1 2 0 3
495 72 20
0 0 1 0 2 0 3 0 4 0 5 0 0 1 5 1 0 2 5 2 0 3 5 3 0 4 5 4 0 5 1 5 2 5 3 5 4 5 5 5
496 28 7
0 0 0 1 0 2 0 3 1 3 2 3 3 3
497 35 6
2 0 1 1 2 1 0 2 1 2 2 2
498 77 10
0 0 1 0 2 0 3 0 0 1 1 1 2 1 0 2 1 2 0 3
499 40 6
2 0 1 1 2 1 0 2 1 2 2 2
