9
9
50
0 8 12
1 0 2 0 0 1 1 1 2 1 3 1 0 2 1 2 2 2 3 2 1 3 2 3
1 6 4
0 0 1 0 2 0 3 0
2 6 12
1 0 2 0 0 1 1 1 2 1 3 1 0 2 1 2 2 2 3 2 1 3 2 3
3 20 12
1 0 2 0 0 1 1 1 2 1 3 1 0 2 1 2 2 2 3 2 1 3 2 3
4 13 12
1 0 2 0 0 1 1 1 2 1 3 1 0 2 1 2 2 2 3 2 1 3 2 3
5 5 6
0 0 1 0 2 0 3 0 0 1 3 1
6 10 4
0 0 1 0 2 0 3 0
7 16 5
1 0 1 1 1 2 0 3 1 3
8 5 12
1 0 2 0 0 1 1 1 2 1 3 1 0 2 1 2 2 2 3 2 1 3 2 3
9 20 6
0 0 3 0 0 1 1 1 2 1 3 1
10 17 4
0 0 0 1 0 2 0 3
11 9 12
1 0 2 0 0 1 1 1 2 1 3 1 0 2 1 2 2 2 3 2 1 3 2 3
12 19 5
1 0 1 1 1 2 0 3 1 3
13 4 6
0 0 3 0 0 1 1 1 2 1 3 1
14 19 5
0 0 1 0 0 1 0 2 0 3
15 7 4
0 0 0 1 0 2 0 3
16 4 4
0 0 0 1 0 2 0 3
17 4 4
0 0 0 1 0 2 0 3
18 14 12
1 0 2 0 0 1 1 1 2 1 3 1 0 2 1 2 2 2 3 2 1 3 2 3
19 16 5
0 0 1 0 0 1 0 2 0 3
20 4 6
0 0 1 0 2 0 3 0 0 1 3 1
21 10 6
0 0 3 0 0 1 1 1 2 1 3 1
22 12 6
0 0 1 0 2 0 3 0 0 1 3 1
23 18 4
0 0 1 0 2 0 3 0
24 15 4
0 0 1 0 2 0 3 0
25 17 5
1 0 1 1 1 2 0 3 1 3
26 11 6
0 0 1 0 2 0 3 0 0 1 3 1
27 17 6
0 0 1 0 2 0 3 0 0 1 3 1
28 19 6
0 0 3 0 0 1 1 1 2 1 3 1
29 4 5
0 0 1 0 0 1 0 2 0 3
30 16 5
1 0 1 1 1 2 0 3 1 3
31 16 6
0 0 1 0 2 0 3 0 0 1 3 1
32 10 5
1 0 1 1 1 2 0 3 1 3
33 8 12
1 0 2 0 0 1 1 1 2 1 3 1 0 2 1 2 2 2 3 2 1 3 2 3
34 9 4
0 0 1 0 2 0 3 0
35 11 6
0 0 3 0 0 1 1 1 2 1 3 1
36 19 6
0 0 3 0 0 1 1 1 2 1 3 1
37 4 12
1 0 2 0 0 1 1 1 2 1 3 1 0 2 1 2 2 2 3 2 1 3 2 3
38 5 4
0 0 1 0 2 0 3 0
39 17 6
0 0 3 0 0 1 1 1 2 1 3 1
40 11 4
0 0 0 1 0 2 0 3
41 9 6
0 0 3 0 0 1 1 1 2 1 3 1
42 13 12
1 0 2 0 0 1 1 1 2 1 3 1 0 2 1 2 2 2 3 2 1 3 2 3
43 12 12
1 0 2 0 0 1 1 1 2 1 3 1 0 2 1 2 2 2 3 2 1 3 2 3
44 18 4
0 0 1 0 2 0 3 0
45 15 5
0 0 1 0 0 1 0 2 0 3
46 8 6
0 0 3 0 0 1 1 1 2 1 3 1
47 11 6
0 0 1 0 2 0 3 0 0 1 3 1
48 19 6
0 0 3 0 0 1 1 1 2 1 3 1
49 14 6
0 0 1 0 2 0 3 0 0 1 3 1
